2.129375935e-005 9.97341156 -8.976267282e-008 10.04071067 -0.0003177385569 0.9999999495 0.06729910976
2.488493919e-006 9.876312256 -0.02961674215 10.02122292 -0.2002561414 0.9797435776 0.147906728
-4.470348358e-008 9.803098679 -0.06725888301 9.8363211 -0.8965868358 0.442867978 0.07501653562
2.980232239e-008 9.495316505 -0.09179477643 9.51335085 -0.9812423058 0.1927784667 0.09354958065
2.235174179e-008 9.119178772 -0.1198165577 9.138370969 -0.9874129179 0.1581636162 0.1213439462
0 8.700352669 -0.1552174946 8.725401168 -0.9872277 0.1593156248 0.1572256274
-1.11758709e-008 8.259443283 -0.209554685 8.287884894 -0.9909148179 0.1344909798 0.2114759715
-0.02103996277 7.814841747 -0.2608928688 7.838700311 -0.9950891093 0.09898315295 0.2410366105
-0.06009635329 7.355202198 -0.3005534748 7.37194988 -0.9975832732 0.06948102642 0.2410396485
-0.08636164665 6.872033119 -0.3267573261 6.889910402 -0.9972462601 0.07416128891 0.2410594946
-0.135021314 6.356747627 -0.3738376505 6.391350086 -0.9896656596 0.1433941501 0.2413101174
-0.2362080067 5.840708256 -0.4709728766 5.895972494 -0.9733936409 0.2291393025 0.2411818405
-0.3676891923 5.363333225 -0.6004505503 5.425872111 -0.9657485709 0.2594796673 0.2410165182
-0.4835021496 4.9212327 -0.7189870111 4.973374855 -0.9763516802 0.2161883359 0.2411885659
-0.5645672083 4.474768162 -0.8039179233 4.505618853 -0.9917953556 0.1278357247 0.241330748
-0.6016093493 3.993147612 -0.8423539886 4.005874653 -0.9986055514 0.05279159765 0.2410808142
-0.6164224148 3.48022747 -0.8570941496 3.49547684 -0.9979986718 0.06323488793 0.2411543639
-0.6693099737 2.940528154 -0.9104072841 2.951435097 -0.9989782953 0.04519253781 0.2413438925
-0.6650205255 2.350274324 -0.9061521332 2.36589887 -0.9979072778 0.06466115453 0.2416372875
-0.7430732846 1.782772064 -0.9790139489 1.836138631 -0.9753613193 0.2206134557 0.2419007804
-0.9147211313 1.243595839 -1.131478397 1.357220782 -0.8856880242 0.4642808673 0.2447332016
-1.294559836 0.7515814304 -1.436485968 0.9621370259 -0.5589346242 0.8292117256 0.2539225977
-1.888190985 0.5854712725 -1.87935745 0.8382124717 0.03492958028 0.999389776 0.2528955221
-2.466057301 0.7916511297 -2.312871675 0.9928882382 0.6056982038 0.7956944677 0.2529075124
-2.82310009 1.300086498 -2.59395349 1.393153811 0.9264996967 0.3762955116 0.2473250676
-2.918410301 1.893083096 -2.674691422 1.895485472 0.9999514217 0.009856683661 0.2437307193
-2.833833933 2.494773626 -2.598102944 2.440350004 0.974369308 -0.2249543324 0.2419318703
-2.638988972 3.09447813 -2.406655643 3.029596724 0.9631488475 -0.2689689528 0.2412226615
-2.514855385 3.623440742 -2.278589284 3.575317553 0.9798806773 -0.1995842132 0.2411172159
-2.432884216 4.097095013 -2.193142642 4.069054197 0.993229257 -0.1161707494 0.2413758681
-2.403726339 4.570587158 -2.162588686 4.565220238 0.9997524124 -0.02225115406 0.2411973707
-2.412000656 5.057384968 -2.171090695 5.065413799 0.9994451142 0.03330861259 0.2410437131
-2.437474728 5.570185184 -2.196534599 5.577610669 0.999525439 0.03080416836 0.2410545238
-2.443914652 6.107621193 -2.202878035 6.106980495 0.9999964673 -0.002658083041 0.241037468
-2.434533358 6.649906635 -2.193587722 6.644006758 0.9997003443 -0.02447900286 0.2410178578
-2.4178617 7.176258087 -2.177091802 7.164807892 0.9988710999 -0.04750290266 0.2410420109
-2.387836218 7.649389267 -2.147244451 7.635133027 0.9982490382 -0.05915114231 0.2410137733
-2.363106489 8.098620415 -2.122467795 8.085217481 0.9984525029 -0.05561114456 0.2410116592
-2.335561991 8.587463379 -2.095069345 8.57146605 0.9977949268 -0.06637231345 0.2410241218
-2.298365355 9.072396278 -2.057895214 9.056106853 0.9977135183 -0.0675850228 0.2410212308
-2.306441307 9.581503868 -2.027931303 9.563086446 0.997820662 -0.06598428939 0.2791182974
-2.243340969 10.12624645 -1.977334145 10.05679924 0.967569164 -0.2526062408 0.2749228002
-2.188663244 10.59825802 -1.907930671 10.51756747 0.9610875447 -0.2762439708 0.2920988574
-2.134906292 11.06233883 -1.82483403 10.9764231 0.9636903913 -0.2670221522 0.3217550628
-2.091792822 11.43451977 -1.765072717 11.34642433 0.9655175153 -0.2603381027 0.338388584
-2.057994843 11.72630119 -1.713349331 11.6323801 0.9648157728 -0.2629268426 0.3572138034
-2.025341511 12.00819016 -1.659166548 11.91656178 0.9700897189 -0.2427466525 0.3774650482
-1.994054556 12.27829456 -1.620620987 12.19827249 0.977802093 -0.2095305872 0.3819111977
-1.964570761 12.53281403 -1.598222216 12.46137002 0.9815100431 -0.1914106456 0.3732499196
-1.936591387 12.77436543 -1.579882516 12.70952089 0.9838755519 -0.1788544056 0.3625548681
-1.90617156 13.03696632 -1.568477234 12.98127256 0.9866713961 -0.1627254009 0.3422561222
-1.871826053 13.33346176 -1.562281121 13.28612484 0.9885082584 -0.1511668717 0.3131434959
-1.836994052 13.63416386 -1.560552787 13.59686645 0.9910207237 -0.1337083585 0.2789459976
-1.802617311 13.93093014 -1.568101637 13.90608467 0.9944347668 -0.1053541391 0.2358281132
-1.768186808 14.22816753 -1.583287368 14.21367666 0.9969430169 -0.07813207464 0.1854664069
-1.742041945 14.45387459 -1.578460666 14.44621112 0.9989044311 -0.04679676892 0.163760691
-1.730563283 14.55295753 -1.574326801 14.584866 0.9797752143 0.2001012981 0.1594615573
-1.726753235 14.58590317 -1.617177663 14.69015013 0.7245034547 0.6892711688 0.1512423035
-1.723383546 14.6150198 -1.707877874 14.72784483 0.1361513858 0.9906880438 0.1138855258
-1.72673893 14.58590031 -1.790595124 14.72284966 -0.4225946849 0.9063187807 0.1511050588
-1.730570436 14.55295944 -1.854204363 14.69341491 -0.6607276183 0.7506257486 0.1871178446
-1.734216571 14.52144241 -1.90046479 14.65311008 -0.7839207574 0.6208608911 0.2120727356
-1.738073349 14.4881134 -1.937337008 14.60110603 -0.8698788069 0.4932655079 0.2290705989
-1.742042065 14.45386887 -1.966321183 14.53565214 -0.9394873379 0.3425836276 0.2387250034
-1.746515632 14.41524506 -1.987442472 14.459797 -0.9833288395 0.181836172 0.2450114662
-1.759137869 14.3062706 -2.021243764 14.32847762 -0.9964300142 0.08442290402 0.2630449617
-1.780799866 14.11929226 -2.067524016 14.15422991 -0.9926578155 0.120956444 0.2888449024
-1.8114537 13.85464954 -2.135364288 13.9003536 -0.9901914983 0.1397168444 0.327119137
-1.840165377 13.60678864 -2.209535447 13.6663036 -0.9872666764 0.1590739125 0.3741340406
-1.861054182 13.4264431 -2.270396984 13.48539303 -0.9897889501 0.1425406408 0.4135657422
-1.874583721 13.30964756 -2.306807041 13.34626884 -0.9964298208 0.08442518702 0.4337719636
-1.89501965 13.13323784 -2.327470303 13.16445293 -0.9974050252 0.07199455301 0.4335757708
-1.929176807 12.83837318 -2.386280072 12.89089123 -0.9934644119 0.1141422901 0.4601103566
-1.964824319 12.53062916 -2.465218127 12.59629923 -0.9914981201 0.1301210125 0.5046845762
-1.997744322 12.24642372 -2.542263784 12.31999573 -0.9909952575 0.133896974 0.5494672732
-2.028484344 11.98107338 -2.615095197 12.06416104 -0.9901174826 0.1402404029 0.5924659071
-2.053730726 11.76310253 -2.683092342 11.84684046 -0.991264374 0.1318898814 0.634907934
-2.072609663 11.60013103 -2.725890656 11.66705185 -0.9947941603 0.1019047526 0.6566996662
-2.085432529 11.48943806 -2.744797037 11.52970241 -0.9981407076 0.06095184874 0.6605927428
-2.092746735 11.42629719 -2.745505545 11.43421445 -0.9999264527 0.01212802927 0.6528068222
-2.103845596 11.33048534 -2.731032048 11.3182393 -0.9998094347 -0.019521636 0.6273059949
-2.118146658 11.20700645 -2.714599018 11.19664995 -0.9998492883 -0.01736089573 0.5965422663
-2.136455059 11.04897022 -2.703527508 11.04193979 -0.9999231565 -0.01239681973 0.5671160278
-2.15162468 10.91800117 -2.694813664 10.92055056 -0.9999889864 0.004693310604 0.5431949674
-2.168301344 10.77403736 -2.699405422 10.79796727 -0.9989864801 0.04501125012 0.5316429084
-2.18361783 10.64182091 -2.713629657 10.6798318 -0.997438209 0.07153334309 0.5313730939
-2.191104174 10.57718849 -2.724985086 10.60726584 -0.9984168279 0.05624800294 0.5347274784
-2.195692539 10.53757477 -2.728124221 10.54483026 -0.9999071642 0.01362582289 0.532481115
-2.200182915 10.49880028 -2.726511688 10.49416695 -0.9999612549 -0.008802760934 0.526349167
-2.204544544 10.4611454 -2.724608559 10.44899226 -0.9997270672 -0.02336217385 0.5202059964
-2.208847284 10.42402649 -2.720158211 10.39822237 -0.9987289889 -0.05040244855 0.511961636
-2.214144945 10.3782835 -2.711581752 10.34037125 -0.997108213 -0.07599481302 0.4988794603
-2.218654633 10.33934593 -2.70236696 10.28819164 -0.9944545652 -0.1051670946 0.4864096802
-2.222721338 10.30423355 -2.689905535 10.23838631 -0.9902128449 -0.1395654752 0.4718017936
-2.225989819 10.27601528 -2.678914662 10.20084872 -0.9865070347 -0.1637188766 0.4591197304
-2.229458332 10.24606419 -2.667486238 10.16537172 -0.9834519435 -0.1811691883 0.4453983838
-2.23355031 10.21074772 -2.654542029 10.11937505 -0.9772472709 -0.2121032098 0.4307934451
-2.236121178 10.18857384 -2.636223904 10.07424236 -0.9615135251 -0.2747576043 0.4161176266
-2.23864007 10.16687202 -2.621589291 10.04799341 -0.9550413269 -0.2964727034 0.4009765965
-2.240949869 10.14694977 -2.606587805 10.02699279 -0.950171295 -0.3117282633 0.3848126515
-2.243415594 10.12558174 -2.591281114 9.998535907 -0.9393161592 -0.3430526971 0.3703391203
-2.248223543 10.0840559 -2.577311069 9.970278923 -0.9451084595 -0.3267567901 0.3482008042
-2.255083084 10.02487373 -2.564740186 9.934450136 -0.9599108407 -0.2803055081 0.3225894413
-2.264290094 9.945382118 -2.555683723 9.893665659 -0.9846130411 -0.1747488465 0.2959473585
-2.280299902 9.807183266 -2.556709922 9.851550378 -0.9873616505 0.1584833468 0.2799481017
-2.306437016 9.581506729 -2.583800181 9.811029703 -0.7704201823 0.6375364638 0.3600154455
-2.53655982 9.55328083 -2.639483485 9.773997804 -0.422623827 0.9063051919 0.243534932
-2.661764145 9.515609741 -2.700119809 9.755753547 -0.1577204811 0.9874837973 0.243187591
-2.804108143 9.456903458 -2.742667732 9.754943725 0.2019025272 0.9794056205 0.3043072875
-2.856046438 9.659528732 -2.774610085 9.771259116 0.5890129216 0.8081236157 0.138259026
-2.869602203 9.723784447 -2.800222985 9.803404293 0.6569578842 0.7539272766 0.1056067983
-2.879035711 9.772764206 -2.813405148 9.837789746 0.7103735333 0.7038248668 0.09238880685
-2.887012243 9.809230804 -2.824666572 9.871890839 0.7053263252 0.7088827654 0.08839266149
-2.896481514 9.852643013 -2.834914209 9.905043266 0.7615238399 0.6481369001 0.08084750823
-2.905819178 9.89589119 -2.847020328 9.935652749 0.828375808 0.5601727597 0.07098088697
-2.91550827 9.94261837 -2.862390704 9.96848474 0.8990659522 0.4378132176 0.05908083428
-2.928619385 9.993922234 -2.880389891 10.01197765 0.9365246786 0.3506016633 0.05149836947
-2.941725969 10.0372324 -2.898720459 10.05309852 0.9381874101 0.3461276983 0.04583893314
-2.954262733 10.08396435 -2.918461241 10.0954155 0.9524652592 0.3046472221 0.03758823991
-2.966801167 10.13240337 -2.937815107 10.13902008 0.9749218401 0.2225475358 0.02973167564
-2.977061272 10.18541145 -2.956600129 10.18993752 0.9763973607 0.2159819296 0.02095575362
-2.989598751 10.24582195 -2.976099569 10.24837038 0.9826429563 0.1855069282 0.01373762711
-2.998716354 10.28229427 -2.989773403 10.28897611 0.8010899024 0.5985440404 0.01116347992
-2.999857187 10.28913021 -3.002936893 10.30606321 -0.1789405265 0.9838598925 0.01721077991
-2.998717785 10.28229141 -3.009745158 10.28588085 -0.9508934779 0.3095183252 0.01159685425
-2.989599466 10.24582005 -3.005763194 10.2430456 -0.9855865286 -0.1691720859 0.0164001105
-2.97706008 10.18541241 -3.002251515 10.18259008 -0.9937825349 -0.1113385529 0.02534904176
-2.966801882 10.13240242 -2.998186248 10.12769631 -0.9889434903 -0.1482928621 0.03173524739
-2.954264402 10.08396053 -2.993402742 10.07586323 -0.9792618129 -0.202598869 0.03996718665
-2.941726685 10.03723145 -2.988621152 10.02462819 -0.9657302998 -0.2595476605 0.04855855493
-2.928618908 9.993924141 -2.98356615 9.978075255 -0.9608295515 -0.2771399881 0.05718729378
-2.915509224 9.942629814 -2.97737533 9.922469388 -0.9507900844 -0.3098357879 0.06506810137
-2.905820608 9.89589119 -2.971861543 9.872544514 -0.9428194527 -0.3333038848 0.07004621623
-2.896481514 9.852640152 -2.968669651 9.820543979 -0.9137525515 -0.4062711837 0.07900184416
-2.887013912 9.809235573 -2.96846056 9.772650686 -0.9121983593 -0.4097488906 0.08928611547
-2.879035711 9.772762299 -2.969327386 9.729340431 -0.9012040543 -0.4333950305 0.1001900451
-2.869598866 9.723782539 -2.974567448 9.681401686 -0.9272734401 -0.3743847849 0.1132013251
-2.856045961 9.65954113 -2.98600199 9.627865385 -0.9715562068 -0.2368090727 0.1337606896
-2.804116249 9.45690918 -3.008479631 9.581838509 -0.8532064136 0.521573404 0.2395239641
-2.953256607 9.336935997 -3.052908548 9.550702024 -0.4225179791 0.9063545428 0.2358525463
-3.102128029 9.289239883 -3.117130313 9.534231539 -0.06112140758 0.998130339 0.2454505646
-3.260744333 9.304656029 -3.181801338 9.542663218 0.3148178447 0.9491521083 0.2507576892
-3.374243498 9.364905357 -3.221262579 9.567002835 0.6035487477 0.7973260996 0.2534690352
-3.364554644 9.515822411 -3.244019935 9.603318336 0.8092648873 0.5874439055 0.1489434555
-3.355963945 9.591023445 -3.258389004 9.651759471 0.8489678849 0.528444444 0.1149336071
-3.356739044 9.656534195 -3.26921343 9.69233473 0.9255669588 0.3785839467 0.09456432396
-3.353390694 9.699197769 -3.277210886 9.734446672 0.9075555743 0.419931994 0.08393955083
-3.349205494 9.751049995 -3.282980442 9.781430937 0.908920287 0.4169699173 0.07286123212
-3.343514204 9.803261757 -3.286605364 9.8271955 0.9217967716 0.3876734604 0.06173686142
-3.341908455 9.850722313 -3.289349224 9.871899811 0.9275377828 0.3737293962 0.0566653258
-3.337884903 9.907024384 -3.29298244 9.929453588 0.8946026616 0.4468624821 0.05019263325
-3.337884665 9.968949318 -3.300280073 9.985949353 0.9112131433 0.4119351981 0.04126871109
-3.335472584 10.02926826 -3.30562843 10.04095788 0.931121275 0.3647097082 0.03205184435
-3.334099054 10.08217335 -3.308093579 10.08565457 0.9911587482 0.1326813316 0.02623744716
-3.332161903 10.14330769 -3.313650627 10.14524127 0.9945888738 0.1038892305 0.01861198839
-3.329421282 10.19993591 -3.316167509 10.20352152 0.9652990258 0.2611470674 0.01373022551
-3.329420328 10.24376106 -3.318169094 10.25047833 0.858617771 0.512616351 0.01310389155
-3.32937026 10.25891781 -3.329031476 10.27859364 0.0172157495 0.999851798 0.01967874948
-3.329418421 10.243783 -3.34162304 10.25086132 -0.8650422365 0.5016990423 0.01410869723
-3.329418421 10.19994354 -3.347851885 10.19685594 -0.9862603056 -0.1651986973 0.01869026238
-3.332159281 10.14330482 -3.355067093 10.14123429 -0.9959400842 -0.09001860228 0.02300119541
-3.334100485 10.08217335 -3.362534673 10.07827649 -0.9907391266 -0.1357791701 0.02869997532
-3.335470438 10.02927113 -3.368619835 10.02130598 -0.9723254342 -0.2336305843 0.03409290354
-3.337885618 9.968951225 -3.379529287 9.955379737 -0.9507834499 -0.3098561462 0.04379931983
-3.33788085 9.907029152 -3.390389562 9.889759047 -0.9499392043 -0.3124348063 0.05527586611
-3.341903448 9.850723267 -3.401125599 9.83375292 -0.9613104198 -0.2754673788 0.06160564719
-3.343515873 9.803257942 -3.413858054 9.783110923 -0.9613459398 -0.2753433929 0.07317051818
-3.349212408 9.75105381 -3.428053888 9.730910622 -0.9688780846 -0.2475383955 0.0813739942
-3.353390217 9.699197769 -3.446081156 9.673583273 -0.9638736758 -0.2663597887 0.09616502788
-3.356737375 9.656533241 -3.468233842 9.626882063 -0.9664099658 -0.2570054045 0.1153718102
-3.355966091 9.591030121 -3.490762068 9.57767986 -0.9951312785 -0.09855830013 0.1354554716
-3.364559174 9.515821457 -3.522454262 9.528395985 -0.9968438594 0.07938715275 0.1583950055
-3.374239683 9.364919662 -3.561274781 9.496255968 -0.8183846474 0.5746708352 0.2285417969
-3.52539897 9.280236244 -3.612517803 9.484040333 -0.3930585445 0.9195134478 0.2216434021
-3.745069265 9.254175186 -3.681583938 9.490447991 0.2594910184 0.965745521 0.2446532752
-3.864447355 9.359121323 -3.746081346 9.520230434 0.5920768625 0.805881498 0.1999166275
-3.911533833 9.457281113 -3.780497764 9.555802974 0.7992826571 0.600955268 0.1639420885
-3.888551712 9.58317852 -3.796699235 9.600781902 0.9821263248 0.1882229588 0.09352409673
-3.866013765 9.652971268 -3.794740945 9.655375081 0.999431732 0.03370776018 0.07131334527
-3.8431499 9.710668564 -3.781138465 9.704809389 0.9955659222 -0.09406643649 0.0622876239
-3.826714039 9.760966301 -3.767459087 9.75388415 0.9929331106 -0.1186753461 0.05967668009
-3.811813831 9.807039261 -3.757010244 9.799414097 0.9904588656 -0.1378086919 0.05533151306
-3.800307989 9.852121353 -3.748730635 9.841829968 0.9806686462 -0.1956757685 0.05259406894
-3.788398743 9.899513245 -3.738330475 9.890304055 0.9835018405 -0.1808981197 0.05090815823
-3.775704622 9.958042145 -3.72997926 9.948047645 0.9769353443 -0.2135353203 0.04680490121
-3.763213873 10.01598263 -3.718669827 10.00853655 0.9863145744 -0.1648743773 0.04516210882
-3.749795198 10.06829834 -3.711413437 10.06311147 0.9909919204 -0.1339216698 0.0387306498
-3.737657309 10.11901855 -3.705002082 10.11629104 0.9965299685 -0.08323473984 0.03276893613
-3.72158885 10.17960167 -3.694244039 10.17507561 0.9865770446 -0.163296464 0.02771685309
-3.707251787 10.23025894 -3.679563643 10.23374878 0.9921502504 0.1250515115 0.02790720908
-3.69601965 10.25405502 -3.667287379 10.27570275 0.7986835126 0.6017513164 0.03597453864
-3.688403368 10.27301598 -3.682370611 10.29171209 0.3070836102 0.9516825397 0.01964532375
-3.696009636 10.25407028 -3.706503094 10.27990888 -0.3762701942 0.9265099789 0.02788809361
-3.707251549 10.23025703 -3.729555295 10.23771747 -0.9483529413 0.3172171159 0.02351840304
-3.721592665 10.17959499 -3.752954525 10.18470621 -0.9869783255 0.1608533029 0.03177563244
-3.737655163 10.11902428 -3.776112821 10.12671073 -0.980605557 0.1959916875 0.03921827491
-3.749794722 10.06829548 -3.793001347 10.07705551 -0.9800594455 0.1987045123 0.04408571949
-3.76321578 10.01597595 -3.810045364 10.02621945 -0.9769020701 0.2136874948 0.04793682545
-3.775703669 9.958046913 -3.823683923 9.967891055 -0.9795945086 0.2009840758 0.04897970896
-3.788399935 9.899511337 -3.840010808 9.911189464 -0.9753432234 0.2206934449 0.05291560187
-3.800309896 9.852115631 -3.857095672 9.862025854 -0.9851107422 0.1719209866 0.05764405297
-3.81181097 9.807050705 -3.87073456 9.821632561 -0.9707174727 0.2402240374 0.06070107005
-3.826713324 9.760972023 -3.890522831 9.772777523 -0.9833125498 0.1819242409 0.06489239573
-3.843147755 9.710665703 -3.911852278 9.725924649 -0.976213308 0.2168123089 0.07037859702
-3.866019249 9.65295887 -3.936625274 9.675808502 -0.9514188367 0.3078996545 0.07421129651
-3.888545275 9.583184242 -3.972861415 9.630922439 -0.8702034055 0.4926926355 0.09689245019
-3.911525249 9.457291603 -4.018726217 9.600691986 -0.5987505939 0.800935532 0.179041105
-4.035655499 9.381985664 -4.067880481 9.5928652 -0.1510587271 0.9885247903 0.2133275136
-4.211789608 9.373064995 -4.13372841 9.604249569 0.3199125781 0.9474470658 0.2440079053
-4.344933033 9.44280529 -4.194103335 9.635873624 0.6156315256 0.7880341519 0.2449999575
-4.447590351 9.558228493 -4.227925405 9.673901705 0.884818456 0.4659359397 0.2482599051
-4.484746933 9.708463669 -4.240149848 9.723329003 0.9981583134 0.06066285049 0.2450483874
-4.475074291 9.796325684 -4.232950452 9.782473591 0.99836747 -0.05711737855 0.2425197599
-4.458317757 9.871132851 -4.218215132 9.835084273 0.9889162935 -0.1484741202 0.2427936788
-4.433250427 9.944809914 -4.199285666 9.885025836 0.9688696566 -0.2475713807 0.2414821843
-4.412918091 9.998915672 -4.178424682 9.934413992 0.9641885778 -0.2652176209 0.2432028482
-4.392529488 10.04711533 -4.162972994 9.966887344 0.9440080127 -0.329922524 0.2431721873
-4.376686573 10.10141468 -4.152378724 10.00509647 0.9188685256 -0.3945638511 0.2441131048
-4.36322546 10.1546402 -4.140119518 10.06530646 0.9283455411 -0.371718383 0.2403264003
-4.357227325 10.22936058 -4.125040045 10.12953242 0.9186869533 -0.3949864325 0.2527381925
-4.367483616 10.2856102 -4.113217168 10.17724132 0.9199323818 -0.3920770498 0.2763968879
-4.395730495 10.37818527 -4.102954195 10.22332608 0.88396267 -0.467557481 0.331208896
-4.323225975 10.43502331 -4.091139253 10.28251717 0.8357186838 -0.5491577929 0.2777091462
-4.250508308 10.49203396 -4.077992098 10.34264224 0.7559543196 -0.6546243707 0.2282098346
-4.193797588 10.53647804 -4.058924038 10.40184727 0.7077434717 -0.7064695169 0.1905684125
-4.149973869 10.57083702 -4.03766408 10.45770074 0.7045097777 -0.7096942814 0.1594155151
-4.116746426 10.59689236 -4.016156423 10.51175044 0.7632841487 -0.6460629291 0.131785788
-4.087182999 10.62006855 -3.99532669 10.55580629 0.8193876126 -0.5732398628 0.1121036085
-4.060544014 10.64094353 -3.97507457 10.61871927 0.9678164321 -0.2516572147 0.08831162694
-4.038162708 10.65848732 -3.977310322 10.66921158 0.984823399 0.1735594215 0.06179015044
-4.015708447 10.67611504 -3.991103839 10.70430382 0.6575872107 0.753378431 0.03741649363
-4.038168907 10.65848637 -4.013062946 10.72002302 0.3777545663 0.9259057661 0.06646103842
-4.060540199 10.64094734 -4.042668663 10.72177484 0.2158927825 0.9764170761 0.08277968559
-4.087193012 10.62006283 -4.073911226 10.71889786 0.1331861711 0.9910910371 0.09972346044
-4.116743565 10.5968895 -4.103904234 10.71757049 0.1057936085 0.9943881095 0.1213620672
-4.149960995 10.57084656 -4.138218224 10.70940579 0.08444637979 0.996428025 0.1390559414
-4.193789959 10.53648853 -4.180095407 10.69533078 0.08589615524 0.9963040954 0.159431492
-4.250512123 10.49202538 -4.229215871 10.6840029 0.110254663 0.9939033702 0.1931551149
-4.32322979 10.43502808 -4.280145988 10.67042938 0.1800323178 0.9836606958 0.2393114859
-4.395728588 10.37818527 -4.355394806 10.66457806 0.1394575693 0.9902280477 0.289219022
-4.509267807 10.44720268 -4.413944645 10.67492136 0.3861348639 0.922442338 0.2468649456
-4.634006977 10.53524876 -4.464532883 10.71062847 0.6948956874 0.7191105504 0.2438842214
-4.730570316 10.66256618 -4.517829501 10.78089987 0.8739054347 0.4860959691 0.2434368827
-4.789732933 10.81676865 -4.548724329 10.86142402 0.9832643558 0.1821845399 0.2451106892
-4.7897439 10.98307705 -4.548728114 10.91883586 0.9662645661 -0.2575515257 0.2494304304
-4.712763786 11.11720181 -4.519287475 10.97013154 0.7961061501 -0.6051570026 0.243028284
-4.616536617 11.21469021 -4.460630181 11.02955733 0.6441479914 -0.7649008859 0.2420351194
-4.511601925 11.28770542 -4.39352059 11.07625318 0.4875597084 -0.8730896465 0.24218846
-4.41583252 11.32940674 -4.331777591 11.10313801 0.348231158 -0.9374086946 0.2413768183
-4.332499504 11.3552475 -4.273376235 11.12124826 0.2449660964 -0.9695316455 0.2413528626
-4.278008461 11.36596966 -4.226644433 11.1304429 0.2130735083 -0.9770361713 0.2410624781
-4.234119415 11.37648487 -4.17480365 11.14286392 0.2460893853 -0.969247138 0.2410334161
-4.173848152 11.39265537 -4.108463477 11.1606625 0.2712710371 -0.9625029997 0.2410308
-4.114816666 11.40577888 -4.023768652 11.18570644 0.3822928338 -0.924041227 0.2381630153
-4.041731358 11.42315674 -3.925702362 11.20809687 0.4748214777 -0.880082135 0.2443634105
-3.996716499 11.43473339 -3.819266247 11.22647411 0.6485600563 -0.7611634866 0.2736065079
-3.963254213 11.45275211 -3.746028755 11.27602971 0.7757176093 -0.6310801776 0.2800316198
-3.943290234 11.49170494 -3.714673717 11.35174555 0.8528677657 -0.5221269713 0.2680562279
-3.932229757 11.53897476 -3.702323945 11.426438 0.8981709644 -0.4396463564 0.2559711029
-3.925052643 11.59852123 -3.692049407 11.49945444 0.9202734478 -0.3912758379 0.2531891323
-3.919190407 11.66458893 -3.682569959 11.60444571 0.9691827393 -0.2463428866 0.2441443065
-3.910444498 11.82095718 -3.669961429 11.80497901 0.997800012 -0.06629582258 0.2410132954
-3.895220757 12.03833008 -3.654564584 12.02482276 0.9984285885 -0.0560388592 0.2410349374
-3.885026455 12.27967834 -3.644436842 12.2646004 0.9980419518 -0.0625480808 0.2410616228
-3.862225294 12.55387211 -3.622486833 12.52855737 0.9944712351 -0.1050093453 0.2410712881
-3.824222088 12.85046577 -3.585465503 12.81748852 0.9905956671 -0.1368218705 0.2410232482
-3.777214527 13.16779232 -3.539430002 13.12825199 0.9864546864 -0.1640339953 0.2410496181
-3.717153788 13.4932518 -3.479961357 13.45050415 0.9841449508 -0.1773660503 0.2410137151
-3.672609568 13.74646664 -3.437014571 13.69463717 0.9766457122 -0.2148561214 0.2412287214
-3.622565985 13.93537903 -3.383874283 13.89524014 0.9861537399 -0.1658336557 0.2420430932
-3.609200001 14.11505699 -3.369258747 14.09171415 0.9953010779 -0.09682853061 0.2410740415
-3.584222078 14.32270813 -3.345308671 14.29082073 0.9912103504 -0.1322952806 0.2410319946
-3.551402807 14.54642868 -3.312255243 14.51613872 0.9920741063 -0.1256541586 0.2410581655
-3.527551174 14.76992321 -3.28909339 14.73316785 0.9883283391 -0.1523387478 0.2412738512
-3.479470968 15.00765991 -3.244677083 14.95278785 0.9737614691 -0.2275710907 0.2411205336
-3.408699512 15.27410793 -3.177446463 15.20590572 0.9591557174 -0.2828786132 0.2411006314
-3.301108122 15.60544777 -3.077018388 15.51518506 0.9275793168 -0.3736262987 0.2415855224
-3.101024628 16.01769829 -2.898363068 15.88328587 0.8333675229 -0.5527192522 0.2431838939
-2.822180033 16.33601379 -2.662553193 16.15247356 0.6562410728 -0.7545512934 0.2432442074
-2.47389555 16.56432724 -2.360616095 16.35040511 0.4679734271 -0.8837425369 0.2420638614
-2.125310421 16.70913887 -2.041478156 16.48298315 0.3475727917 -0.9376530032 0.2411934046
-1.818921924 16.80939102 -1.753785411 16.57711946 0.2700161373 -0.9628557969 0.2412319248
-1.578838348 16.86575508 -1.536336825 16.62816832 0.1760930369 -0.9843735279 0.2413583409
-1.413674712 16.89638138 -1.279664165 16.65997258 0.4931394771 -0.8699502607 0.2717497862
-1.288795829 16.93796539 -1.118876527 16.74151544 0.6541885821 -0.7563314744 0.2597405497
-1.173822165 16.99627686 -0.9808642051 16.83365267 0.7646509258 -0.6444446925 0.2523477745
-1.100976467 17.04120827 -0.8686752214 16.91907349 0.8851207748 -0.46536138 0.2624514668
-1.047418356 17.07863808 -0.8011158564 16.98259856 0.9316781871 -0.3632846758 0.2643643513
-1.027953744 17.1184063 -0.7708595839 17.02751151 0.9428110343 -0.333327697 0.2726889596
-1.027772307 17.16935539 -0.7567602129 17.08377773 0.9535878215 -0.301115039 0.2842025542
-1.036606669 17.23882294 -0.7508288415 17.16581597 0.9688832341 -0.2475182393 0.2949559017
-1.053236842 17.32829666 -0.7819652125 17.28814628 0.9892235446 -0.1464130419 0.2742268228
-1.080330491 17.45216942 -0.8318297236 17.46924894 0.9976464106 0.06856850105 0.249087016
-1.123468757 17.67591095 -0.8851049458 17.71399654 0.9874746141 0.157777966 0.2413872797
-1.156244755 17.99410439 -0.9147223478 18.00152652 0.9995281488 0.03071611515 0.2416364234
-1.142092228 18.33738708 -0.902328148 18.30215925 0.9893778911 -0.1453663944 0.2423382229
-1.052444458 18.68764496 -0.8270596818 18.59623494 0.9266851224 -0.3758386408 0.2432161375
-0.886379838 18.97766304 -0.6945707528 18.82761722 0.7876357905 -0.6161411052 0.2435251007
-0.6463430524 19.2072506 -0.5071811262 19.00684919 0.5703800122 -0.8213809358 0.2439810709
-0.3734143078 19.33935547 -0.2931848595 19.11042818 0.3307356323 -0.9437234455 0.2425787863
-1.11758709e-006 19.42912674 4.711126976e-009 19.17701175 4.451533132e-006 -1 0.2521149867