0 8.125 0 8.700352669 0 1 0.5753526688
0 7.782597085 -0.1404629946 7.826720953 -0.9540357575 0.2996927985 0.1472303249
0 7.275171107 -0.1798202246 7.363540888 -0.8974811578 0.4410527989 0.2003610027
0 6.741768161 -0.2060549259 6.880934238 -0.8287013091 0.5596911114 0.2486480034
0 6.172908617 -0.2539282367 6.373976231 -0.7839840772 0.6207809329 0.3238946352
0 5.675841949 -0.3530976996 5.868224382 -0.8781216181 0.4784374816 0.4021056905
0 5.197463268 -0.4835813344 5.394471407 -0.9260966951 0.3772862459 0.5221715366
0 4.754434374 -0.6007503271 4.947194338 -0.9521846748 0.3055230681 0.6309178703
0 4.307030002 -0.6837401986 4.490128756 -0.9659642712 0.2586755242 0.7078317688
0 3.824398934 -0.7214763761 3.99948442 -0.9717939101 0.235831712 0.7424170584
0 3.310399819 -0.7362531424 3.487820148 -0.9721712706 0.2342712544 0.757328636
0 2.769565631 -0.7893525958 2.945958734 -0.9759294226 0.2180865931 0.8088213938
0 2.178070731 -0.7850802243 2.358053803 -0.974713702 0.2234573765 0.8054469971
0 1.609377174 -0.8605484068 1.809343338 -0.9740483104 0.2263402065 0.8834761045
0 0.8787988753 -1.022644818 1.300169826 -0.9245883381 0.3809677219 1.106054204
0 0 -1.365225017 0.8564172983 -0.8471182177 0.5314044837 1.611610975
-1.917381875 0 -1.883792758 0.7113113999 0.04716883465 0.9988869311 0.7121040208
-3.142306191 0 -2.389786005 0.8918473125 0.6448829614 0.7642813396 1.166909705
-5 0 -2.70900774 1.346424818 0.8621344044 0.506679651 2.657349304
-5 1.181843392 -2.797062397 1.894279242 0.9514798373 0.307711097 2.315275129
-5 2.196687174 -2.716463208 2.467676044 0.9930321436 0.1178438023 2.299559794
-5 2.826147241 -2.523309946 3.062173605 0.9954897378 0.09486928843 2.487911186
-5 3.370303305 -2.397218227 3.599480152 0.9961459299 0.0877113811 2.612851887
-5 3.705042161 -2.313516617 4.083133459 0.9902410915 0.1393649191 2.712958901
-5 4.039781018 -2.28366363 4.567914963 0.981618272 0.1908548352 2.76720233
-5 4.374519875 -2.292051315 5.061382532 0.9693050516 0.2458611742 2.793701199
-5 4.709258732 -2.317510366 5.573882341 0.9517807058 0.306779217 2.818390431
-5 5.050738337 -2.323902249 6.107302189 0.9301303537 0.3672295264 2.877121191
-5 5.445460825 -2.314566255 6.64696908 0.9128017794 0.4084028789 2.941968131
-5 5.840183314 -2.297982097 7.170557022 0.8971510039 0.4417239819 3.011776046
-5 6.234905803 -2.268045306 7.642291069 0.8889726136 0.457960361 3.073159569
-5 6.629628292 -2.243292212 8.091947079 0.8834052875 0.4686097503 3.120547077
-5 6.982895568 -2.215820432 8.579498291 0.867484745 0.4974637848 3.209485336
-5 7.233866178 -2.178635001 9.065093867 0.8388047358 0.5444323789 3.36355397
-5 7.430802791 -2.185984989 9.403810245 0.8187946683 0.574086484 3.4367774
-5 7.627739404 -2.211814975 9.669728089 0.8067746896 0.5908592051 3.455964919
-5 7.770642021 -2.323411479 9.736676017 0.8059449095 0.5919905428 3.321056426
-5 7.894792946 -2.509259426 9.720571068 0.8065231037 0.5912025737 3.088244543
-5 8.028492862 -3.006546877 9.459487159 0.8123628879 0.5831522429 2.45389487
-5 8.148227394 -3.163646379 9.429237736 0.82016187 0.5721315469 2.239013648
-5 8.256101335 -3.275189864 9.441176308 0.8242051851 0.5662912792 2.09269508
-5 8.354036048 -3.367098484 9.476198641 0.824149636 0.5663721193 1.981316795
-5 8.504496718 -3.568775535 9.381710529 0.8525981418 0.5225671331 1.678662426
-5 8.616724194 -3.713459849 9.371815681 0.8624308969 0.5061748196 1.491760273
-5 8.726431526 -3.805512786 9.43933773 0.8586913684 0.5124930574 1.391055341
-5 8.83873116 -3.791041322 9.558049357 0.8593866186 0.5113263535 1.406769261
-5 8.955745982 -4.051700354 9.486982822 0.8724318644 0.4887357588 1.086961269
-5 9.076589358 -4.17292285 9.488172054 0.8952724464 0.4455190756 0.9238273262
-5 9.196585316 -4.269834757 9.538934231 0.9054189222 0.4245192283 0.8064391247
-5 9.307035536 -4.338218927 9.615822315 0.9062064312 0.422835552 0.7302762923
-5 9.439074212 -4.362961769 9.715865135 0.9171659605 0.398505459 0.6945724747
-5 9.54118409 -4.354520559 9.789428711 0.933353698 0.3589580401 0.6915700255
-5 9.642939731 -4.33877039 9.853184223 0.952986869 0.3030115965 0.6938496552
-5 9.72639941 -4.316759109 9.915043354 0.9639333894 0.2661436093 0.7088050876
-5 9.808524731 -4.296163559 9.966800213 0.9756357889 0.2193964616 0.7214131021
-5 9.890650052 -4.278233051 10.00716972 0.9872183947 0.159373276 0.7311117302
-5 9.972775373 -4.265003443 10.05345774 0.9940289157 0.1091169774 0.7394116465
-5 10.05490069 -4.25214076 10.11016083 0.9972811818 0.07369019234 0.7498980761
-5 10.13702602 -4.241621017 10.17965603 0.9984238388 0.0561234194 0.7595761971
-5 10.28680434 -4.2706343 10.33983588 0.9973671261 0.07251769348 0.7312910977
-5 10.39569198 -4.307841051 10.44708509 0.997254782 0.07404660491 0.6940643071
-5 10.48204735 -4.396896696 10.51460643 0.9985459377 0.0539074229 0.6039815307
-5 10.58281627 -4.549625635 10.62257051 0.996126881 0.08792745273 0.4521255007
-5 10.69160899 -4.624646425 10.72148466 0.9968474165 0.07934247463 0.3765406506
-5 10.81344771 -4.669734478 10.83900261 0.9970197891 0.07714622578 0.331252725
-5 10.98028705 -4.669741869 10.95109129 0.9961152242 -0.08805941298 0.3315461134
-5 11.10931008 -4.616431713 11.04397535 0.9858013908 -0.167915508 0.3890928644
-5 11.22487907 -4.538910627 11.12251234 0.9762307906 -0.216733577 0.4723159493
-5 11.32227442 -4.452809095 11.18242311 0.9688569978 -0.2476209157 0.5647798446
-5 11.40603954 -4.373981476 11.21674728 0.9571983624 -0.2894327125 0.6540112779
-5 11.48684661 -4.303061962 11.23873901 0.9420834559 -0.3353785354 0.7397837564
-5 11.58627959 -4.252434254 11.24870062 0.9113849452 -0.4115549559 0.8202524633
-5 11.69248921 -4.204586029 11.26016474 0.8786086284 -0.4775425406 0.9053109032
-5 11.79869883 -4.141293049 11.27714586 0.8547013252 -0.5191200677 1.00468658
-5 11.8914841 -4.069483757 11.29620457 0.8423744934 -0.5388925801 1.104634875
-5 11.97361114 -3.98396039 11.31607819 0.8395341408 -0.5433069357 1.210242157
-5 12.08952398 -3.908363819 11.33104086 0.8212280997 -0.5706000423 1.329272806
-5 12.20543681 -3.855097413 11.36476183 0.8060423328 -0.5918578865 1.420400071
-5 12.32134965 -3.829461813 11.422019 0.7929785331 -0.6092495762 1.476128468
-5 12.43726248 -3.817759395 11.48294258 0.7781234811 -0.6281113343 1.519348322
-5 12.55317532 -3.80904007 11.54919577 0.7645739321 -0.6445360365 1.557677918
-5 12.69761012 -3.80137682 11.63464355 0.7481763273 -0.6634999497 1.602059751
-5 12.86030103 -3.790707707 11.81300163 0.7559222803 -0.6546613675 1.599757441
-5 13.02299193 -3.775397778 12.03160477 0.7772316757 -0.6292145281 1.575594846
-5 13.18579149 -3.765236616 12.27217102 0.8038744071 -0.5947990733 1.536015294
-5 13.48741353 -3.742859244 12.54126787 0.7989951666 -0.6013374459 1.573402203
-5 13.95489834 -3.705344915 12.83404636 0.7560307227 -0.6545361307 1.712437135
-5 14.23071928 -3.658821344 13.14810514 0.7781242213 -0.6281104172 1.723604816
-5 14.49691539 -3.599055409 13.4719677 0.8070670354 -0.5904598212 1.735846626
-5 14.75540869 -3.555306554 13.72066069 0.8129811287 -0.5822900345 1.777031957
-5 15.00790632 -3.503721118 13.91539383 0.8076281485 -0.5896921008 1.852682927
-5 15.25590049 -3.489732981 14.10343456 0.7949782224 -0.6066379694 1.899758983
-5 15.50066852 -3.465266824 14.30683136 0.7893133834 -0.6139905397 1.944390161
-5 15.7432728 -3.432330966 14.53134727 0.7911519318 -0.61161967 1.981501872
-5 15.98456079 -3.408822775 14.75162268 0.7904689863 -0.6125020667 2.012953389
-5 16.33644304 -3.362566829 14.98033905 0.7701662778 -0.6378431661 2.12607747
-5 16.79901544 -3.293558359 15.24014997 0.738310952 -0.6744604793 2.311277702
-5 17.26089634 -3.189533591 15.56050587 0.728918529 -0.6846004514 2.483770595
-5 17.71916099 -3.000119209 15.95077419 0.7491338333 -0.6624186741 2.669590802
-5 18.1679326 -2.74270165 16.24462891 0.761173328 -0.6485485061 2.965551035
-5 18.59838228 -2.417493582 16.45781517 0.7699078807 -0.6381550401 3.354305733
-5 18.99872908 -2.083570242 16.59653568 0.7718746828 -0.6357747038 3.778372089
-5 19.35423997 -1.786490381 16.69374275 0.7702717477 -0.6377157946 4.171916767
-5 19.64722984 -1.557676792 16.74746037 0.7648048955 -0.644261959 4.500916807
-5 19.85706153 -1.34695071 16.77867317 0.764690817 -0.6443973575 4.77715857
-5 20 -1.204192817 16.84015274 0.7685523107 -0.6397869533 4.938905433
-4.873882098 20 -1.077748179 16.91530609 0.7760804705 -0.63063389 4.891417917
-4.737495182 20 -0.9853134155 16.98039722 0.7790569108 -0.6269532118 4.816312794
-4.589047345 20 -0.9247840643 17.03081989 0.7769470042 -0.6295660034 4.716233232
-4.426336589 20 -0.8999462724 17.07314968 0.7694869855 -0.6386624924 4.582780974
-4.246750826 20 -0.8928350806 17.12674618 0.7594278806 -0.6505914956 4.416371628
-4.047267878 20 -0.8943175673 17.20247269 0.748009239 -0.6636883142 4.215122149
-3.824455479 20 -0.9181703925 17.30830574 0.7336738888 -0.6795017475 3.961276434
-3.57447127 20 -0.9566016793 17.46067333 0.7177926165 -0.6962569638 3.647111339
-3.293062806 20 -1.004787147 17.69487381 0.7045080755 -0.7096959712 3.248047451
-2.975567549 20 -1.035990477 17.99779987 0.6957851671 -0.7182499573 2.787609113
-2.616912874 20 -1.022713423 18.31984711 0.6883077506 -0.7254188035 2.31611434
-2.211616063 20 -0.9402251244 18.64213181 0.6834802049 -0.7299690469 1.860172291
-1.753784311 20 -0.7908778787 18.90295506 0.6596647855 -0.7515599582 1.459690518
-1.237114722 20 -0.5770541728 19.10747051 0.5946035849 -0.8040190152 1.110085049
-0.6548943102 20 -0.3334679753 19.22537231 0.3832584294 -0.9236411513 0.8386673596
0 20 -5.587935448e-007 19.3035984 -8.024012982e-007 -1 0.6964015961