vertex
0 19.80014511 0 -1
0 19.68272856 0 -1
0 19.57295715 0 -1
0 19.46912653 0 -1
0 19.36953238 -0 -1
0 19.27247038 -0 -1
0 19.17623619 -0 -1
0 19.07912549 -0 -1
0 18.97943396 0 -1
0 18.87574491 0 -1
0 18.76779235 0 -1
0 18.65559789 0 -1
0 18.53918319 -0 -1
0 18.41856989 -0 -1
0 18.29377962 -0 -1
0 18.16483402 -0 -1
0 18.03175473 0 -1
0 17.89469826 0 -1
0 17.75436054 0 -1
0 17.61157234 0 -1
0 17.46716447 -0 -1
0 17.32196771 -0 -1
0 17.17681286 -0 -1
0 17.03253069 -0 -1
0 16.88995201 0 -1
0 16.74989191 0 -1
0 16.6131028 0 -1
0 16.48032137 0 -1
0 16.35228434 -0 -1
0 16.2297284 -0 -1
0 16.11339027 -0 -1
0 16.00400666 -0 -1
0 15.90231427 -0 -1
-0.8188288613 19.7359478 0.3292996789 -0.9442254612
-0.780562366 19.62629101 0.3293531954 -0.9442067955
-0.7444811809 19.52257251 0.3273951634 -0.9448875102
-0.7103825749 19.42351654 0.3231590455 -0.9463446684
-0.6780638167 19.32784737 0.3164936429 -0.948594631
-0.6473221752 19.23428923 0.3074101762 -0.9515771033
-0.6179549193 19.14156638 0.2961100318 -0.9551538353
-0.5897593177 19.04840306 0.2829804798 -0.9591256685
-0.5625326394 18.95352353 0.2685539868 -0.9632646346
-0.536070218 18.85581174 0.2546354124 -0.9670371279
-0.510159647 18.75479041 0.2426298383 -0.970118942
-0.4845865848 18.65014198 0.2325053827 -0.9725951095
-0.4591366898 18.54154889 0.2241925483 -0.9745448688
-0.4335956204 18.42869356 0.2175933797 -0.976039508
-0.4077490349 18.31125843 0.2125900211 -0.9771414856
-0.3813825918 18.18892593 0.2090522461 -0.977904473
-0.3542819494 18.06137849 0.2068437609 -0.9783739871
-0.3263190617 17.928509 0.2049537856 -0.9787716515
-0.2977110653 17.79105217 0.2024755728 -0.9792873135
-0.2687613922 17.64995316 0.1994078077 -0.9799165915
-0.2397734746 17.50615713 0.1957254768 -0.9806587264
-0.2110507445 17.36060925 0.1913807221 -0.9815158782
-0.1828966341 17.21425468 0.1863013413 -0.9824926515
-0.1556145754 17.06803859 0.1803869764 -0.9835957192
-0.1295080007 16.92290613 0.1735026007 -0.9848334111
-0.1048815437 16.77977911 0.165364513 -0.9862325171
-0.08204464572 16.63948586 0.1556363976 -0.9878144116
-0.0613079496 16.50283137 0.1440096663 -0.9895762811
-0.04298209829 16.37062059 0.1300666918 -0.9915052474
-0.02737773474 16.24365852 0.1132360222 -0.9935681171
-0.01480550188 16.12275013 0.09272286242 -0.9956919558
-0.005576042657 16.00870039 0.06739857774 -0.9977261306
0 15.90231427 0.0356204542 -0.9993653903
-1.630377162 19.5872508 0.6306827869 -0.776040735
-1.552876536 19.49024127 0.6173031082 -0.7867254112
-1.480180285 19.39582584 0.6025005273 -0.798118484
-1.411859168 19.30344031 0.5863678728 -0.8100448863
-1.347483944 19.21252049 0.5690748856 -0.8222857013
-1.286625372 19.12250221 0.5508722612 -0.8345895709
-1.228854212 19.03282126 0.5320867275 -0.8466898573
-1.173741222 18.94291347 0.5131057406 -0.8583254039
-1.120857162 18.85221463 0.4943525129 -0.8692615216
-1.06975705 18.76015616 0.4765474581 -0.8791487475
-1.019932944 18.66615182 0.4603987825 -0.8877122062
-0.9708611625 18.56961098 0.4462431643 -0.8949117489
-0.9220180224 18.46994298 0.4343019048 -0.9007673704
-0.8728798417 18.3665572 0.424676936 -0.9053449619
-0.8229229378 18.25886298 0.4173601587 -0.9087411611
-0.7716236284 18.14626969 0.4122520377 -0.9110698422
-0.7184582311 18.02818669 0.4091848013 -0.9124515321
-0.6630994617 17.9042626 0.4063313643 -0.9137257917
-0.6060056282 17.77510308 0.4020680475 -0.9156097887
-0.5478314367 17.64155306 0.3964387565 -0.9180611703
-0.4892315933 17.50445747 0.3894234474 -0.9210588356
-0.4308608041 17.36466125 0.3809452761 -0.9245975863
-0.3733737753 17.22300931 0.3708710618 -0.9286843681
-0.3174252129 17.08034659 0.3590061625 -0.9333351891
-0.2636698232 16.93751802 0.3450837311 -0.9385719038
-0.2127796057 16.79539196 0.3285842273 -0.9444746717
-0.165495735 16.65493058 0.3088094587 -0.9511239237
-0.1225766789 16.51711948 0.284999967 -0.9585275264
-0.08478090564 16.38294427 0.2561150895 -0.9666462957
-0.05286688308 16.25339053 0.2207158215 -0.9753381599
-0.02759307928 16.12944389 0.1767919647 -0.9842482417
-0.009717962247 16.01208993 0.1215148911 -0.9925896087
0 15.90231427 0.05091499518 -0.9987029905
-2.404081272 19.30753832 0.8345916772 -0.55086907
-2.290834328 19.22986261 0.8143502263 -0.5803737666
-2.184599752 19.15129551 0.7933619077 -0.6087502635
-2.084783297 19.07194751 0.7720105499 -0.6356097158
-1.990790715 18.99192907 0.7507479574 -0.660588756
-1.902027758 18.91135066 0.7300770554 -0.6833648317
-1.817900181 18.83032275 0.7105300568 -0.7036668519
-1.737813735 18.74895582 0.6926438371 -0.7212797758
-1.661174173 18.66736032 0.6769349377 -0.7360428589
-1.587343178 18.58549923 0.6625466626 -0.7490206405
-1.51550615 18.50274544 0.6486362235 -0.7610985807
-1.444804418 18.41832435 0.6356958486 -0.7719396272
-1.374379312 18.33146135 0.624151769 -0.7813031225
-1.303372162 18.24138182 0.6143193766 -0.7890574779
-1.230924297 18.14731116 0.6063795797 -0.7951753299
-1.156177047 18.04847477 0.6003785464 -0.7997159502
-1.078271743 17.94409803 0.5962464484 -0.8028014529
-0.996663132 17.8336432 0.5919121731 -0.8060024686
-0.9120596433 17.71751993 0.5855005223 -0.8106720289
-0.8254831241 17.59637476 0.5770711529 -0.8166938744
-0.7379554218 17.47085422 0.5665789911 -0.8240074313
-0.650498384 17.34160483 0.5538877102 -0.8325913791
-0.5641338581 17.20927311 0.5387716815 -0.8424518237
-0.4798836917 17.0745056 0.520909168 -0.8536121125
-0.3987697324 16.93794881 0.499867699 -0.8661017744
-0.3218423759 16.80033454 0.4753407843 -0.879801761
-0.2502662119 16.66273557 0.4466929444 -0.8946873272
-0.1852343784 16.52630997 0.4126458975 -0.9108915211
-0.1279400135 16.39221578 0.3714567006 -0.9284502784
-0.0795762552 16.26161107 0.3207102549 -0.94717735
-0.04133624149 16.13565387 0.2570363325 -0.9664017404
-0.01441311042 16.01550226 0.1757793566 -0.9844295901
0 15.90231427 0.07080952101 -0.9974898555
-3.109377559 18.85029458 0.9490934506 -0.3149946382
-2.96832756 18.80043827 0.9361569588 -0.3515823496
-2.835242022 18.74755991 0.9221412357 -0.3868533848
-2.709508479 18.69208784 0.907400391 -0.4202672132
-2.590514461 18.6344504 0.8923742441 -0.4512961427
-2.4776475 18.57507593 0.8775731929 -0.4794426881
-2.370295129 18.51439276 0.8635569984 -0.5042512374
-2.267844879 18.45282923 0.8509095152 -0.5253122852
-2.169684281 18.39081369 0.8402115087 -0.5422588133
-2.075111286 18.32856199 0.8301229077 -0.55758045
-1.983065522 18.26544012 0.8191335381 -0.573602865
-1.892397035 18.20060157 0.8076276307 -0.58969281
-1.801955872 18.13319984 0.7960553945 -0.6052237676
-1.710592078 18.06238844 0.784873329 -0.6196562414
-1.617155701 17.98732086 0.7744837035 -0.6325938611
-1.520496787 17.90715062 0.7651896594 -0.6438049279
-1.419465382 17.8210312 0.7571750197 -0.6532120556
-1.313332005 17.72833493 0.7489498624 -0.6626266699
-1.203049066 17.62930939 0.7389290318 -0.6737832633
-1.089989445 17.52442097 0.726991344 -0.6866466237
-0.9755260258 17.41413608 0.7129249593 -0.7012403314
-0.8610316891 17.29892111 0.6964257697 -0.7176288368
-0.747879317 17.17924245 0.6770864188 -0.7359035137
-0.637441791 17.0555665 0.654377285 -0.7561682146
-0.5310919932 16.92835967 0.6276197971 -0.77852
-0.4302180441 16.7982109 0.5968474713 -0.8023547196
-0.3362690206 16.66619944 0.5617539479 -0.8273043588
-0.2507092385 16.53352706 0.5207108459 -0.8537331052
-0.1750030134 16.40139557 0.4715233339 -0.8818535851
-0.1106146613 16.27100675 0.4111789033 -0.9115546662
-0.05900849785 16.1435624 0.3355378314 -0.9420267319
-0.02164883882 16.02026431 0.2390714761 -0.9710019719
0 15.90231427 0.1150547688 -0.9933591496
-3.715702395 18.16900379 0.997821499 -0.06597163094
-3.559248049 18.15725151 0.9964554511 -0.08412213675
-3.409609535 18.1431974 0.9946633759 -0.1031734876
-3.266388231 18.12691099 0.9923983784 -0.1230668861
-3.129185515 18.1084618 0.9896189098 -0.1437164339
-2.997602766 18.08791935 0.9862924709 -0.1650065509
-2.87124136 18.06535319 0.9823997753 -0.1867904747
-2.749702675 18.04083283 0.977939088 -0.2088902586
-2.632588091 18.01442781 0.9729303273 -0.2310986331
-2.519344057 17.9860655 0.9667689695 -0.2556516371
-2.40879732 17.95510471 0.9587147726 -0.2843694511
-2.2996197 17.9207621 0.9487284861 -0.3160921695
-2.190483016 17.88225434 0.936983081 -0.3493747358
-2.08005909 17.83879807 0.9238720333 -0.3827015366
-1.967019739 17.78960997 0.9099540416 -0.4147091055
-1.850036785 17.73390668 0.8958534733 -0.4443495859
-1.727782046 17.67090488 0.8821549541 -0.4709592731
-1.599428013 17.60002194 0.868608573 -0.4954988869
-1.46614985 17.52147812 0.8543403636 -0.5197139051
-1.329623391 17.43569441 0.8389209918 -0.5442532218
-1.191524471 17.34309178 0.8218938916 -0.5696406156
-1.053528925 17.24409121 0.8027393962 -0.596329994
-0.9173125862 17.13911369 0.7808372431 -0.6247345035
-0.78455129 17.0285802 0.7554234659 -0.6552368939
-0.6569208705 16.91291172 0.725538703 -0.6881813645
-0.5360548003 16.79262512 0.6912078415 -0.7226560176
-0.4234171053 16.66862078 0.6523615332 -0.7579079298
-0.3204294495 16.541895 0.6074273504 -0.794375235
-0.2285134969 16.41344406 0.554336462 -0.832292669
-0.1490909116 16.28426423 0.4903645558 -0.8715174137
-0.08358335765 16.1553518 0.4119873049 -0.9111895854
-0.0334124991 16.02770306 0.3148812444 -0.9491310773
0 15.90231427 0.194396445 -0.980923046
-4.194651016 17.2241158 0.9741997718 0.2256874048
-4.039138517 17.26216877 0.9686091841 0.2485885124
-3.886461133 17.30280679 0.9643186223 0.264744395
-3.736738886 17.34478605 0.9617104154 0.2740676504
-3.590091799 17.38686274 0.961063476 0.2763276952
-3.446639894 17.42779304 0.9625496454 0.2711054779
-3.306503195 17.46633313 0.9662118387 0.2577492633
-3.169801723 17.5012392 0.9719147226 0.2353333211
-3.036655501 17.53126743 0.9792555648 0.2026290672
-2.906942703 17.5552866 0.987153525 0.1597745852
-2.779574108 17.57261579 0.9941195475 0.1082881584
-2.653218644 17.58268666 0.9987768131 0.04944570352
-2.526545241 17.58493089 0.999893402 -0.01460084492
-2.39822283 17.57878014 0.9967102299 -0.08104762518
-2.266920339 17.56366609 0.9891534126 -0.1468860998
-2.131306699 17.5390204 0.9778257397 -0.2094202061
-1.990050838 17.50427474 0.9637917717 -0.2666559972
-1.842360271 17.45905762 0.9483695453 -0.3171674724
-1.689596852 17.40378496 0.9321101829 -0.3621748292
-1.533661017 17.33906951 0.9148810671 -0.4037234611
-1.376453204 17.26552402 0.8963548597 -0.4433373044
-1.219873852 17.18376124 0.8760500415 -0.4822202036
-1.065823397 17.09439394 0.8533237159 -0.5213814687
-0.9162022775 16.99803486 0.8273323163 -0.5617127722
-0.7729109308 16.89529677 0.7969632899 -0.6040277432
-0.6376886531 16.78676319 0.7616681633 -0.6479672901
-0.511630174 16.67290074 0.7212020014 -0.6927248178
-0.3956690815 16.55414682 0.6745147107 -0.738261407
-0.2907389637 16.43093884 0.6203801939 -0.7843012272
-0.1977734087 16.3037142 0.5574309014 -0.8302233375
-0.1177060043 16.17291029 0.4842544281 -0.8749272249
-0.05147033877 16.03896451 0.399589787 -0.9166940614
0 15.90231427 0.3026573553 -0.953099431
-4.54291549 16.05705588 0.8379653687 0.5457234106
-4.40273344 16.15358589 0.8108476115 0.5852573374
-4.259161342 16.26097435 0.7921045787 0.6103853999
-4.113069494 16.37592038 0.780932999 0.6246148021
-3.965328193 16.49512309 0.7767377192 0.6298241941
-3.816807739 16.61528161 0.7792288119 0.6267395461
-3.668378427 16.73309504 0.7884311477 0.6151230164
-3.520910557 16.84526251 0.8046584607 0.593737957
-3.375274426 16.94848314 0.8284320527 0.5600895768
-3.231998856 17.03996345 0.8578104384 0.513966197
-3.090246764 17.11893962 0.8894737965 0.4569861764
-2.948839592 17.18515527 0.9213623518 0.3887047938
-2.806598781 17.23835397 0.9508123501 0.3097674531
-2.662345774 17.27827932 0.9749872639 0.222260737
-2.514902011 17.30467493 0.9915542795 0.1296923695
-2.363088933 17.31728438 0.9993355657 0.03644759512
-2.205727984 17.31585128 0.9985879501 -0.05312349748
-2.042176407 17.30032558 0.9910843236 -0.1332361198
-1.873934663 17.27148278 0.9792367613 -0.2027199182
-1.703039016 17.23030471 0.9644294802 -0.2643402688
-1.531525732 17.17777323 0.9472908091 -0.3203749726
-1.361431073 17.11487019 0.9279467651 -0.3727127595
-1.194791305 17.04257744 0.9061450987 -0.4229669729
-1.033642691 16.96187683 0.881288933 -0.4725778418
-0.880021496 16.87375021 0.8523969756 -0.5228952056
-0.7356390022 16.77895109 0.8179902138 -0.5752321359
-0.6009065644 16.67731964 0.7771360861 -0.6293325859
-0.4759105557 16.56846769 0.7295408931 -0.683937194
-0.3607373489 16.45200705 0.6752968009 -0.7375460872
-0.255473317 16.32754957 0.6149712402 -0.7885495379
-0.1602048329 16.19470706 0.5496257376 -0.8354110057
-0.07501826956 16.05309135 0.4807406838 -0.8768628142
0 15.90231427 0.4100529992 -0.9120616963
-4.773379388 14.76149151 0.6040557417 0.7969420687
-4.65714907 14.91927255 0.5846567005 0.8112808038
-4.53049771 15.09743957 0.5756648598 0.8176857399
-4.395110215 15.29041694 0.5740908276 0.8187916228
-4.252671493 15.49262908 0.5785866906 0.8156208932
-4.10486645 15.69850037 0.5887444439 0.8083192314
-3.953379993 15.9024552 0.604833755 0.796351762
-3.79989703 16.09891798 0.6277565669 0.7784097203
-3.646102466 16.2823131 0.6591403766 0.7520199226
-3.493243123 16.44800275 0.6981277345 0.7159732302
-3.340813466 16.59510037 0.7419810864 0.6704208137
-3.187869877 16.72365719 0.7895942854 0.6136292565
-3.033468736 16.83372443 0.8389349326 0.5442317327
-2.876666421 16.92535333 0.8869833772 0.4618013519
-2.716519314 16.99859512 0.9300277628 0.3674892657
-2.552083794 17.05350103 0.9644132169 0.2643995973
-2.382416242 17.0901223 0.9875472307 0.157322812
-2.207077922 17.10872889 0.9984383405 0.05586483869
-2.027649636 17.11046573 0.9994041407 -0.03451613563
-1.846217072 17.09669649 0.9933479303 -0.1151515929
-1.664865918 17.06878482 0.9822129744 -0.1877702662
-1.485681862 17.0280944 0.9671554612 -0.2541855893
-1.31075059 16.97598888 0.9487021007 -0.3161713526
-1.14215779 16.91383193 0.926844329 -0.3754458547
-0.9819891496 16.84298721 0.9010502347 -0.4337147386
-0.8318338871 16.76437934 0.8689559344 -0.4948894665
-0.6912953434 16.67717671 0.8285527403 -0.5599110255
-0.5594803905 16.58010867 0.7802022061 -0.6255273916
-0.4354959001 16.47190455 0.7254594929 -0.6882648648
-0.318448744 16.35129371 0.666898577 -0.7451485007
-0.2074457941 16.21700549 0.6075707713 -0.7942655462
-0.1015939221 16.06776923 0.5503450719 -0.8349373041
0 15.90231427 0.4974202023 -0.8675097362
-4.899196142 13.43196087 0.3744058244 0.9272649453
-4.809708024 13.64782132 0.3906359197 0.9205452614
-4.703414835 13.89269446 0.4053482899 0.9141623291
-4.582711563 14.15904363 0.420101643 0.9074770573
-4.449993189 14.43933218 0.4359380341 0.8999766833
-4.3076547 14.72602345 0.4537999255 0.891103601
-4.15809108 15.01158078 0.4747620975 0.8801141692
-4.003697313 15.2884675 0.5002484158 0.8658819333
-3.846868385 15.54914696 0.5323300843 0.8465368754
-3.689483428 15.78738071 0.5713350008 0.8207169529
-3.53135818 16.00212314 0.6158169161 0.7878892853
-3.371792526 16.19362684 0.6656304427 0.7462815244
-3.21008635 16.36214441 0.7200193579 0.6939539785
-3.045539539 16.50792844 0.7773404784 0.6290801067
-2.877451978 16.63123153 0.8348653184 0.550454267
-2.705123552 16.73230627 0.8888565509 0.4581855869
-2.527854148 16.81140526 0.9351187839 0.3543343902
-2.345402217 16.8690043 0.9687425563 0.248068256
-2.159360487 16.90647203 0.9890448079 0.1476156088
-1.971780251 16.9254003 0.9985293234 0.05421429968
-1.784712803 16.92738095 0.9994872814 -0.03201834496
-1.600209436 16.91400582 0.993739225 -0.1117244502
-1.420321445 16.88686677 0.9825464107 -0.1860176092
-1.247100122 16.84755564 0.9665960396 -0.2563046942
-1.082596763 16.79766427 0.9459847789 -0.3242110395
-0.9282248245 16.73818617 0.917956577 -0.3966808828
-0.7828464231 16.66772146 0.8793112679 -0.4762475135
-0.6446858394 16.58427193 0.830594244 -0.5568780853
-0.5119673536 16.48583935 0.7747000686 -0.6323288731
-0.3829152464 16.37042552 0.7161261961 -0.6979708241
-0.255753798 16.2360322 0.6594688137 -0.7517319228
-0.1287072891 16.08066119 0.6081645071 -0.793811018
0 15.90231427 0.564054383 -0.8257376418
-4.933519182 12.16300215 0.2166711812 0.9762446411
-4.867732916 12.42782475 0.2614354693 0.9652209568
-4.780857316 12.72723106 0.2938583719 0.955848972
-4.675724047 13.05256835 0.3200688558 0.947394283
-4.555164774 13.39518391 0.3432861534 0.9392308645
-4.422011162 13.746425 0.3655565919 0.9307891158
-4.279094877 14.09763893 0.3884936199 0.9214514134
-4.129247582 14.44017296 0.4137024611 0.9104121449
-3.975300943 14.76537437 0.4431550479 0.8964449807
-3.819527698 15.06607353 0.4779240125 0.878401183
-3.661964872 15.34103305 0.5176803012 0.8555741381
-3.502090564 15.59049866 0.5627387706 0.82663479
-3.339382872 15.81471605 0.6131545837 0.7899629463
-3.173319895 16.01393093 0.6685216347 0.7436926946
-3.00337973 16.188389 0.7277151395 0.6858794907
-2.829040478 16.33833598 0.7886378179 0.6148580261
-2.649780235 16.46401757 0.8481101779 0.5298198998
-2.465486695 16.56588854 0.8998140376 0.4362736501
-2.277685934 16.64523986 0.9399574649 0.3412916118
-2.08831362 16.70357158 0.9689964891 0.2470744911
-1.899305424 16.74238376 0.9878923104 0.1551411711
-1.712597015 16.76317644 0.9978011075 0.06627933149
-1.530124062 16.76744965 0.9998118598 -0.0193970343
-1.353822237 16.75670346 0.9947484523 -0.1023499715
-1.185627207 16.73243789 0.9830138475 -0.1835314022
-1.026763331 16.69550983 0.9622652583 -0.2721131617
-0.8756097158 16.64420342 0.9283651589 -0.3716693849
-0.7298341558 16.57615964 0.8811512652 -0.4728344825
-0.5871044459 16.48901946 0.8244196349 -0.5659790328
-0.4450883806 16.38042386 0.7644799672 -0.6446474848
-0.3014537548 16.24801381 0.7073933733 -0.7068200728
-0.153868363 16.08943029 0.6571138353 -0.7537913554
0 15.90231427 0.6152638654 -0.788321239
-4.889508624 11.04830046 0.1388117385 0.9903187877
-4.838608948 11.34709049 0.1924174453 0.9813131645
-4.765870657 11.68085204 0.2309629445 0.9729625472
-4.674122032 12.04118541 0.2611263215 0.965304638
-4.566191355 12.41969093 0.2865287291 0.9580716505
-4.444906905 12.8079689 0.3094169374 0.9509264739
-4.313096964 13.19761963 0.3314170796 0.9434843503
-4.173589812 13.58024345 0.353947001 0.9352654813
-4.029213731 13.94744066 0.3785252472 0.9255909665
-3.882245277 14.29219996 0.4066613278 0.9135789864
-3.732754113 14.61306348 0.4389732364 0.8985001379
-3.58025818 14.90996178 0.4759065252 0.8794958665
-3.424275415 15.18282536 0.5178513339 0.8554706283
-3.264323759 15.43158477 0.565051873 0.8250553805
-3.099921151 15.65617052 0.6174633124 0.7865996808
-2.930585531 15.85651315 0.6745472847 0.7382316443
-2.755834837 16.03254319 0.735020675 0.6780446942
-2.575557611 16.18435677 0.7938107943 0.608164799
-2.391124805 16.31271247 0.8465042397 0.5323819796
-2.204277973 16.41853448 0.8922721737 0.4514979158
-2.016758667 16.50274698 0.9305086527 0.3662699105
-1.830308441 16.56627418 0.9607814317 0.2773067625
-1.646668849 16.61004024 0.9827411321 0.1849861273
-1.467581444 16.63496937 0.9959956262 0.08940197244
-1.29478778 16.64198575 0.9999534169 -0.009652153544
-1.129349724 16.63150216 0.9927102697 -0.120525186
-0.9696103962 16.60188568 0.969443378 -0.2453151788
-0.8132332297 16.550992 0.9283591132 -0.3716844858
-0.6578816586 16.47667679 0.8734737099 -0.4868713157
-0.5012191164 16.37679573 0.8126321561 -0.5827769547
-0.3409090368 16.24920451 0.7534642418 -0.6574888869
-0.1746148535 16.0917588 0.7008510797 -0.7133076223
0 15.90231427 0.656773381 -0.7540880095
-4.780725709 10.1303572 0.1232755512 0.9923724797
-4.733476395 10.44633007 0.169177288 0.9855856357
-4.667554796 10.79199797 0.2035126303 0.9790723208
-4.585310961 11.16067397 0.2307269179 0.9730185452
-4.489094935 11.54567112 0.2534350449 0.9673524063
-4.381256766 11.94030249 0.273320657 0.9619229795
-4.2641465 12.33788114 0.2915821959 0.9565457768
-4.140114184 12.73172014 0.3091841259 0.9510021957
-4.011509865 13.11513255 0.3270285561 0.9450144568
-3.880190772 13.48243321 0.3469640504 0.9378784291
-3.746042863 13.83194412 0.370469193 0.928844754
-3.60845928 14.16298905 0.3979665739 0.9173999161
-3.466833165 14.47489176 0.4299081724 0.9028726174
-3.320557659 14.76697604 0.4667481335 0.8843902871
-3.169025902 15.03856567 0.5088901584 0.8608314624
-3.011631036 15.2889844 0.5565953699 0.8307837229
-2.847766203 15.51755602 0.6098342098 0.7925290131
-2.677172484 15.72368978 0.6653634839 0.7465195472
-2.500982726 15.90713692 0.719985355 0.6939892568
-2.320677715 16.06773414 0.7732985962 0.6340420184
-2.137738237 16.20531817 0.824699546 0.5655710909
-1.953645078 16.3197257 0.8732607877 0.4872531135
-1.769879027 16.41079347 0.9175624712 0.397591639
-1.587920868 16.47835817 0.9554786058 0.2950603903
-1.40925139 16.52225652 0.9839540596 0.1784219959
-1.234812349 16.54213082 0.999053604 0.04349593408
-1.063389392 16.53684564 0.9942841638 -0.1067661072
-0.8932291365 16.50507113 0.9660949916 -0.2581868842
-0.7225782003 16.44547747 0.9182609685 -0.3959757489
-0.5496832009 16.35673479 0.8596583696 -0.5108693448
-0.3727907559 16.23751326 0.7993635027 -0.6008477266
-0.1901474831 16.08648304 0.7435225134 -0.6687109032
0 15.90231427 0.6950383073 -0.7189727056
-4.621353422 9.372339017 0.1444020014 0.9895191064
-4.569295899 9.693256086 0.1742179045 0.9847071249
-4.504394043 10.03499821 0.1978460297 0.9802331093
-4.428214448 10.39346966 0.2171353872 0.9761414978
-4.342323712 10.76457469 0.2333009021 0.9724045912
-4.248288427 11.14421757 0.2471784998 0.968969963
-4.14767519 11.52830255 0.2593701341 0.9657779939
-4.042050594 11.9127339 0.2703312236 0.9627673808
-3.932981236 12.29341588 0.2804271812 0.9598753023
-3.821630944 12.66670589 0.2918644153 0.9564597028
-3.707552479 13.03077391 0.3068108156 0.9517705204
-3.589895839 13.38424304 0.325574616 0.9455163507
-3.467811019 13.7257364 0.3485218204 0.9373006672
-3.340448014 14.05387711 0.3760722321 0.9265903498
-3.206956821 14.36728827 0.4086857048 0.9126751857
-3.066487437 14.664593 0.4468307594 0.8946185067
-2.918189856 14.94441442 0.4909233769 0.8712027537
-2.761552295 15.20534206 0.5389628422 0.8423295404
-2.597415854 15.44583115 0.5891063079 0.8080555414
-2.426959852 15.66430335 0.6418768742 0.7668077193
-2.25136361 15.85918031 0.6976651502 0.7164239933
-2.071806448 16.02888369 0.7565182374 0.6539725961
-1.889467684 16.17183515 0.8177332951 0.5755973054
-1.70552664 16.28645633 0.8791437724 0.4765566361
-1.521162635 16.37116889 0.9360552891 0.3518529461
-1.337217992 16.42462801 0.9796611293 0.2006590932
-1.153187048 16.44642287 0.9994876519 0.03200677492
-0.9682271392 16.43637618 0.9903213639 -0.1387933576
-0.781495606 16.39431065 0.9553216853 -0.2955680592
-0.5921497868 16.32004898 0.9037809113 -0.4279954023
-0.3993470203 16.2134139 0.8457991324 -0.5335014786
-0.2022446451 16.07422809 0.7887237149 -0.6147478358
0 15.90231427 0.736560588 -0.6763715697
-4.425628231 8.730588035 0.1852649919 0.9826885991
-4.36352878 9.049301638 0.1967990621 0.9804438429
-4.295679962 9.378667163 0.2063726193 0.9784734754
-4.222746922 9.717419455 0.2142863934 0.9767708747
-4.1453948 10.06429336 0.2207687869 0.9753261725
-4.064288739 10.41802372 0.2259934151 0.9741288294
-3.98009388 10.77734539 0.2300913378 0.9731690379
-3.893475366 11.14099321 0.2331596164 0.9724384779
-3.805098339 11.50770203 0.235267247 0.971930719
-3.715323922 11.87609118 0.2389362511 0.9710352557
-3.623297172 12.24431796 0.2466683923 0.9690999454
-3.527859123 12.61042415 0.2585498444 0.9659979182
-3.427850814 12.97245154 0.2747521661 0.9615150791
-3.32211328 13.32844191 0.2955285946 0.9553338944
-3.20948756 13.67643705 0.3212076803 0.9470087783
-3.088814689 14.01447875 0.3521801599 0.9359322278
-2.958935705 14.34060878 0.3888724389 0.9212916076
-2.819028857 14.65267551 0.4299226058 0.9028657448
-2.669621252 14.94775361 0.4743753808 0.880322667
-2.511577207 15.22272434 0.5233665469 0.8521076561
-2.34576104 15.47446894 0.5781475973 0.8159322004
-2.173037071 15.69986866 0.6399696832 0.7684001591
-1.994269618 15.89580475 0.7097147789 0.7044891288
-1.810322999 16.05915846 0.7869642055 0.6169986542
-1.622061532 16.18681104 0.8680143927 0.4965390358
-1.430223847 16.2763347 0.9396640892 0.3420985231
-1.235045808 16.32806551 0.9860876986 0.1662259026
-1.036637592 16.34303051 0.9998817659 -0.0153770708
-0.8351093744 16.32225671 0.9826711382 -0.1853575848
-0.6305713306 16.26677116 0.9432902927 -0.3319690101
-0.4231336365 16.17760088 0.8922895943 -0.4514634868
-0.2129064677 16.05577291 0.8379291138 -0.5457790764
0 15.90231427 0.7852054239 -0.6192353691
-4.207786605 8.161446393 0.2316999 0.972787313
-4.133636356 8.475899842 0.227274268 0.9738307898
-4.060704122 8.791819228 0.222568867 0.9749169705
-3.988822807 9.110370304 0.2176380599 0.9760295461
-3.917825316 9.432718821 0.2125396476 0.9771524437
-3.847544552 9.760030534 0.2073327159 0.9782704866
-3.777813419 10.09347119 0.2020755338 0.9793699396
-3.708464823 10.43420656 0.1968236494 0.9804389073
-3.639331667 10.78340237 0.1916282957 0.9814675727
-3.570027837 11.14166227 0.1890907839 0.9819596099
-3.49929115 11.5073414 0.191547653 0.9814833145
-3.425640401 11.87823278 0.1987676771 0.9800466369
-3.34759439 12.25212945 0.2106572878 0.9775599762
-3.263671913 12.62682443 0.2272398151 0.9738388298
-3.172391767 13.00011074 0.2486380968 0.9685964572
-3.072272751 13.3697814 0.275056933 0.9614279399
-2.961833661 13.73362945 0.3067609545 0.9517865921
-2.839933987 14.08905203 0.3426522379 0.9394623164
-2.706795983 14.43186275 0.382253325 0.9240575716
-2.562982599 14.75747935 0.4269618734 0.9042696272
-2.409056779 15.06131955 0.4784701324 0.8781038278
-2.245581472 15.33880109 0.5387956099 0.8424365203
-2.073119624 15.58534171 0.6101359898 0.7922967083
-1.892234183 15.79635914 0.6941912492 0.7197906012
-1.703488096 15.96727111 0.7901108223 0.6129640189
-1.507487103 16.09459187 0.8836225859 0.468199878
-1.305008119 16.17922173 0.9548121075 0.2972100928
-1.09687085 16.22315751 0.9934391786 0.1143617004
-0.883895004 16.22839605 0.9980527643 -0.06237531286
-0.6669002887 16.19693417 0.9756746467 -0.2192235933
-0.4467064113 16.1307687 0.9366324519 -0.3503136453
-0.2241330793 16.03189645 0.8898985266 -0.4561585386
0 15.90231427 0.8414164134 -0.5403872863
-3.982065012 7.621256229 0.2696295834 0.9629641155
-3.897079948 7.934483808 0.2539051261 0.9672291285
-3.818758089 8.243268815 0.237726396 0.9713321577
-3.746356531 8.550169168 0.2214982261 0.9751607743
-3.679132375 8.857742786 0.2056474118 0.9786261503
-3.616342716 9.168547587 0.1905853483 0.9816706296
-3.557244655 9.485141489 0.1766723324 0.9842697227
-3.501095288 9.81008241 0.1641899706 0.9864287372
-3.447151714 10.14592827 0.1533258231 0.9881756888
-3.394500817 10.49449234 0.1464543944 0.9892174232
-3.341548623 10.85460934 0.1454321294 0.9893682306
-3.286530942 11.22436934 0.1497541399 0.9887232664
-3.227683586 11.6018624 0.1590892042 0.9872642124
-3.163242366 11.98517861 0.1732421361 0.9848792628
-3.091443093 12.37240804 0.1921230901 0.9813708363
-3.010521579 12.76164075 0.2157204104 0.9764551728
-2.918713634 13.15096682 0.244073653 0.9697566973
-2.814599497 13.53783353 0.276141556 0.9611169757
-2.698137112 13.91711701 0.3116743803 0.950188971
-2.569628849 14.28305061 0.3521089489 0.9359590205
-2.429377079 14.62986766 0.3992416456 0.9168457386
-2.277684173 14.95180151 0.455364015 0.8903053487
-2.114852501 15.2430855 0.5233353547 0.8521268136
-1.941184434 15.49795298 0.6063394753 0.7952059109
-1.756982342 15.71063728 0.7065428343 0.7076702787
-1.562664954 15.87674049 0.8123233977 0.583207251
-1.359116424 15.99733965 0.9033737049 0.4288542284
-1.147337267 16.07488058 0.9669634988 0.2549148721
-0.9283279934 16.11180905 0.9969373522 0.07820432025
-0.7030891174 16.11057086 0.9963608872 -0.0852348664
-0.4726211513 16.0736118 0.9741218978 -0.2260232913
-0.237924608 16.00337767 0.9397108949 -0.3419699314
0 15.90231427 0.9002796866 -0.435311941
-3.76260737 7.072753929 0.2903082315 0.9569331903
-3.669923866 7.391697759 0.2675448297 0.9635454136
-3.586906282 7.705219466 0.2442658461 0.9697083048
-3.512611851 8.015782638 0.2210648802 0.9752591034
-3.446097805 8.325850865 0.1985719549 0.9800863119
-3.386421376 8.637887737 0.1773967278 0.9841394215
-3.332639798 8.954356842 0.1580730139 0.9874274263
-3.283810301 9.27772177 0.1410152054 0.9900074302
-3.238990119 9.610446111 0.1264936249 0.9919674203
-3.197065988 9.954426221 0.1166149374 0.9931772029
-3.15624266 10.30928952 0.1129642815 0.9935990495
-3.114554392 10.6740962 0.1150098912 0.9933643465
-3.070035438 11.04790644 0.1223275097 0.9924897886
-3.020720057 11.42978043 0.134578417 0.9909029467
-2.964642503 11.81877837 0.1514866584 0.9884593023
-2.899837032 12.21396043 0.1728162428 0.9849540833
-2.824337902 12.61438681 0.1983484291 0.9801315731
-2.736524105 13.01818809 0.226986451 0.9738979161
-2.636153587 13.41977638 0.2585655896 0.9659937038
-2.52332903 13.81263422 0.2944239539 0.9556749109
-2.398153116 14.19024411 0.3362351741 0.9417780565
-2.260728528 14.54608858 0.3861873541 0.9224203638
-2.111157948 14.87365015 0.4471803469 0.8944438145
-1.949544059 15.16641133 0.5229321769 0.8523742947
-1.775989543 15.41785464 0.6175385402 0.7865406228
-1.590655651 15.62291271 0.7243902542 0.689390136
-1.393937911 15.78231858 0.82736022 0.5616716713
-1.186290417 15.89825541 0.9133642074 0.407143494
-0.9681672664 15.97290635 0.9712247513 0.2381648222
-0.7400225535 16.00845455 0.9974338766 0.07159372697
-0.5023103744 16.00708317 0.9969075038 -0.07858389726
-0.2554848247 15.97097536 0.9786614654 -0.2054792838
0 15.90231427 0.9512282436 -0.3084879716
-3.563187397 6.504252869 0.3050187753 0.9523463376
-3.462644385 6.835030379 0.2765473647 0.9610002888
-3.373304539 7.16343128 0.2484891346 0.9686346835
-3.294249845 7.49065583 0.2213138837 0.9752026276
-3.224562286 7.817904288 0.1954768926 0.9807083075
-3.163323847 8.146376912 0.1713939435 0.9852025762
-3.109616512 8.477273958 0.1494204448 0.988773751
-3.062522265 8.811795686 0.1298367598 0.991535383
-3.021123091 9.151142352 0.1128406329 0.9936130995
-2.984306458 9.496395296 0.1002963557 0.9949576077
-2.95018177 9.848160178 0.09382789262 0.9955884323
-2.916663914 10.20692374 0.0931558494 0.9956515393
-2.881667779 10.57317272 0.09794612663 0.9951917184
-2.843108253 10.94739386 0.1078232366 0.9941700808
-2.798900224 11.33007391 0.122376761 0.9924837169
-2.746958579 11.7216996 0.141163809 0.9899862519
-2.685198207 12.12275768 0.163710132 0.9865084859
-2.611874128 12.53250851 0.1887997425 0.9820156095
-2.5266019 12.945307 0.2162494787 0.9763381397
-2.429337212 13.35428166 0.247224983 0.9689581043
-2.320035753 13.75256103 0.2831607255 0.9590724704
-2.198653213 14.13327362 0.3259363326 0.9453917215
-2.065145282 14.48954798 0.3781050001 0.9257627174
-1.919467648 14.81451261 0.4431624099 0.8964413413
-1.761576003 15.10129605 0.5256980541 0.8506712385
-1.591321697 15.34440544 0.6241929541 0.7812702196
-1.408138728 15.54386237 0.7293577437 0.6841325031
-1.211356758 15.70106706 0.8307774989 0.5566046598
-1.000305447 15.81741972 0.9148616743 0.4037674044
-0.774314455 15.89432056 0.9708996498 0.2394866804
-0.5327134429 15.93316979 0.996712968 0.08101394551
-0.2748320711 15.93536762 0.9982744485 -0.05872074153
0 15.90231427 0.9846779699 -0.1743826128
-3.397486259 5.910460676 0.328173379 0.9446175063
-3.284320771 6.257181462 0.2927046289 0.9562029075
-3.183881551 6.607053492 0.2595026141 0.9657424052
-3.095280923 6.959353493 0.2286585887 0.9735066768
-3.017631211 7.313358191 0.200224033 0.9797501399
-2.950044737 7.66834431 0.1742210479 0.9847065687
-2.891633826 8.023588578 0.1506519188 0.9885868699
-2.8415108 8.378367718 0.129507638 0.9915784244
-2.798787984 8.731958457 0.1107753731 0.9938454692
-2.762370331 9.084102587 0.09581795965 0.9953988741
-2.730333318 9.436402169 0.08622605052 0.9962755985
-2.700545051 9.790924328 0.08215932538 0.9966192077
-2.670873638 10.14973619 0.08355574051 0.996503105
-2.639187185 10.51490489 0.09014993998 0.9959282044
-2.603353799 10.88849754 0.1015024488 0.9948352893
-2.561241588 11.27258127 0.1170365138 0.9931276124
-2.510718658 11.66922322 0.1360798965 0.990697866
-2.449982787 12.07899379 0.1572797419 0.9875540911
-2.378550431 12.49647653 0.1803480984 0.9836028484
-2.296267719 12.91475828 0.2062375178 0.9785019603
-2.202980779 13.32692587 0.2360978694 0.9717292813
-2.098535737 13.72606613 0.2714247678 0.9624596591
-1.982778723 14.1052659 0.3142615915 0.9493364273
-1.855555863 14.45761201 0.367483897 0.9300298841
-1.716713285 14.7761913 0.4351633993 0.9003514958
-1.565766653 15.05530676 0.5198320475 0.8542684838
-1.400909767 15.29412602 0.619175683 0.7852524903
-1.220005965 15.49303289 0.7270616606 0.6865721679
-1.020918584 15.65241117 0.8311659483 0.5560244297
-0.8015109599 15.77264465 0.9160966624 0.4009574855
-0.55964643 15.85411712 0.9712411134 0.2380980884
-0.2931883311 15.8972124 0.9963222549 0.0856852633
0 15.90231427 0.9989977848 -0.04475964656
-3.279185125 5.286084977 0.3708187123 0.9287052722
-3.144032292 5.650850804 0.3249181955 0.9457421246
-3.024566008 6.025235339 0.2838612447 0.9588653679
-2.919715495 6.406440375 0.2472363748 0.9689551976
-2.82840997 6.791667707 0.2146271123 0.9766960646
-2.749578654 7.17811913 0.1856444501 0.9826169845
-2.682150766 7.562996439 0.1599442615 0.9871260473
-2.625055525 7.943501428 0.1372364608 0.9905383152
-2.577222151 8.316835892 0.1172906017 0.9930976361
-2.537405712 8.681251116 0.1005046472 0.9949365889
-2.503664672 9.039196348 0.0879152057 0.996127962
-2.473883344 9.394170327 0.08012036689 0.9967851959
-2.445946043 9.74967179 0.07743025648 0.996997771
-2.417737081 10.10919948 0.07983658669 0.9968079652
-2.387140772 10.47625212 0.08702566615 0.9962060698
-2.352041429 10.85432847 0.09842976166 0.9951440006
-2.310323366 11.24692726 0.1133046704 0.9935602909
-2.260183299 11.65584292 0.1302023344 0.9914874443
-2.201067557 12.07605267 0.1486642634 0.9888877271
-2.132734873 12.50082942 0.1694047415 0.9855465659
-2.054943979 12.92344609 0.1932838635 0.9811428785
-1.967453608 13.33717559 0.221417518 0.9751791029
-1.870022491 13.73529082 0.2553305202 0.9668538284
-1.762409362 14.11106471 0.2971868414 0.9548193449
-1.644372953 14.45777017 0.3501404247 0.9366972206
-1.515094083 14.76970474 0.419636703 0.9076921491
-1.371441919 15.04526453 0.508990923 0.8607718863
-1.209707716 15.28387028 0.6160593046 0.7876997736
-1.026182727 15.48494273 0.7319879354 0.6813175929
-0.8171582066 15.64790261 0.8405837125 0.5416816614
-0.5789254093 15.77217067 0.9245362265 0.3810941693
-0.3077755891 15.85716764 0.9754806219 0.2200853387
0 15.90231427 0.9970894289 0.07624087313
-3.221965163 4.625833397 0.4387432168 0.8986124803
-3.050858213 5.008738203 0.378512242 0.9255962849
-2.901286602 5.407126055 0.3256575649 0.9454877844
-2.771563969 5.816481223 0.2795817437 0.9601218926
-2.660003957 6.232287972 0.2395997207 0.9708717597
-2.564920207 6.650030569 0.2050557694 0.9787502906
-2.484626361 7.065193283 0.1753833167 0.9845002246
-2.41743606 7.473260379 0.1501361059 0.9886653376
-2.361662946 7.869716125 0.1290099852 0.9916432946
-2.315560704 8.251543905 0.1110164875 0.9938185647
-2.277143199 8.621723574 0.09592650365 0.9953884196
-2.244364336 8.984734101 0.08459443856 0.996415466
-2.215178025 9.345054458 0.07764158332 0.9969813361
-2.187538172 9.707163617 0.07536506594 0.9971560093
-2.159398685 10.07554055 0.07770279844 0.996976567
-2.128713472 10.45466422 0.08426131847 0.9964436914
-2.093436439 10.84901361 0.09439500166 0.9955348229
-2.051808884 11.26125489 0.1066687424 0.994294614
-2.003221657 11.68680308 0.1204331292 0.992721442
-1.947352996 12.11926043 0.1361555183 0.9906874759
-1.883881142 12.55222915 0.1544274588 0.9880041295
-1.812484333 12.97931148 0.1760352868 0.9843838569
-1.732840808 13.39410966 0.20206457 0.9793722017
-1.644628807 13.7902259 0.2340641738 0.972221149
-1.547526569 14.16126246 0.2743126827 0.9616405524
-1.44040755 14.50168748 0.330199722 0.9439110888
-1.318926075 14.8094329 0.4088706125 0.9125923637
-1.177931686 15.08329659 0.51092933 0.8596227194
-1.012273924 15.32207641 0.6311764973 0.7756392391
-0.8168023333 15.52457022 0.7554525506 0.6552033606
-0.5863664542 15.68957589 0.8634165457 0.5044916933
-0.3158158291 15.81589129 0.9395148156 0.3425082645
0 15.90231427 0.9816516941 0.1906828559
-3.236269144 3.92636847 0.5286100671 0.8488647695
-3.011487985 4.325655816 0.4534915613 0.8912605701
-2.818228795 4.74423846 0.3860790528 0.9224656985
-2.653566842 5.176712709 0.326830539 0.9450829587
-2.514577397 5.61767487 0.2756048942 0.9612710036
-2.39833573 6.061721252 0.2319919172 0.9727177136
-2.301917111 6.503448161 0.195533285 0.9806970656
-2.222396809 6.937451906 0.1658680341 0.9861479581
-2.156850095 7.358328794 0.1428426166 0.9897454152
-2.102517605 7.762364479 0.1238097965 0.9923059681
-2.057301447 8.152602002 0.1066893589 0.994292402
-2.019269095 8.533773749 0.09236681701 0.995725048
-1.986488026 8.910612109 0.08158670219 0.9966662481
-1.957025713 9.287849468 0.07484498406 0.9971951807
-1.928949631 9.670218214 0.07232311588 0.9973812545
-1.900327256 10.06245073 0.0738798007 0.9972671533
-1.869226061 10.46927942 0.07909814241 0.9968668336
-1.83396741 10.89364679 0.08670502223 0.9962340283
-1.793888216 11.33133599 0.09591846273 0.9953891945
-1.748579277 11.77634028 0.1069816783 0.9942609921
-1.697631393 12.22265294 0.1202624421 0.9927421342
-1.640635366 12.66426724 0.1362913954 0.9906687921
-1.577181994 13.09517644 0.1558293034 0.9877839988
-1.506862077 13.50937383 0.1799800137 0.9836702673
-1.429266416 13.90085268 0.2103813276 0.9776194029
-1.343014188 14.26440372 0.2555037954 0.9668080526
-1.242838086 14.5980076 0.3246239314 0.9458431705
-1.122499178 14.90044242 0.4198298981 0.9076028078
-0.9757585348 15.17048628 0.5386264257 0.8425447012
-0.7963772256 15.40691729 0.6698731431 0.7424755701
-0.5781163203 15.60851355 0.7937022577 0.608306441
-0.3147368885 15.77405318 0.8905666716 0.4548527271
0 15.90231427 0.9527336887 0.3038067123
-3.294893514 3.207078522 0.6156757631 0.7879995906
-3.004829427 3.620972031 0.5318615292 0.8468313373
-2.759313029 4.055562002 0.452396095 0.8918171187
-2.553701861 4.505432606 0.3799904461 0.9249904112
-2.383353465 4.965168012 0.3161853142 0.9486974476
-2.243625381 5.429352389 0.2616772813 0.9651554281
-2.12987515 5.892569907 0.2166885878 0.9762407776
-2.037460314 6.349404735 0.1812914103 0.9834294202
-1.961738412 6.794441042 0.1556772566 0.9878079731
-1.898543689 7.223882202 0.1355317091 0.9907730092
-1.845617195 7.640408397 0.1167804939 0.9931577499
-1.801176686 8.048319016 0.1002041693 0.9949668962
-1.763439913 8.451913446 0.08649918912 0.9962519211
-1.730624632 8.855491073 0.07619375737 0.9970930304
-1.700948595 9.263351286 0.06958801807 0.9975758155
-1.672629557 9.679793471 0.06673125032 0.9977709859
-1.643885272 10.10911702 0.06743800472 0.9977234665
-1.613147039 10.55397133 0.07070510162 0.9974972625
-1.579700343 11.01040594 0.07573992521 0.9971276065
-1.543044215 11.47282039 0.08261782022 0.9965813042
-1.502677685 11.93561421 0.09154027018 0.9958013752
-1.458099783 12.39318695 0.1028527558 0.9946965922
-1.408809541 12.83993817 0.1170878162 0.9931215652
-1.354305988 13.27026739 0.1350441959 0.9908395759
-1.294088156 13.67857417 0.157925645 0.9874510067
-1.226587663 14.06008256 0.1946121743 0.9808802688
-1.145966477 14.41331465 0.2553081658 0.9668597316
-1.045319156 14.73761703 0.3427429974 0.9394292085
-0.9177402557 15.0323363 0.4560786223 0.8899394869
-0.7563243334 15.29681906 0.5869779766 0.8096028995
-0.5541659455 15.53041191 0.7180412619 0.6960005361
-0.3043596488 15.73246145 0.8291189858 0.5590721844
0 15.90231427 0.9085677918 0.4177374388
-3.346346761 2.502013682 0.6795973836 0.7335853026
-2.991866725 2.929897959 0.5945648018 0.8040476954
-2.695385538 3.377812994 0.5087131265 0.8609360923
-2.450422421 3.840978112 0.4266899309 0.9043979781
-2.25049659 4.314612637 0.3521359987 0.9359488439
-2.089127265 4.793935894 0.2874925353 0.9577828784
-1.959833665 5.274167207 0.2342055311 0.9721871061
-1.856135008 5.750525903 0.193113637 0.9811763976
-1.771550512 6.218231304 0.1648633857 0.9863164117
-1.700412672 6.673870206 0.1437053637 0.9896205174
-1.640307084 7.119499274 0.1238190498 0.9923048135
-1.58963262 7.558542646 0.1058192501 0.9943853812
-1.546788151 7.994424459 0.09025787967 0.995918428
-1.51017255 8.430568847 0.0775742865 0.9969865747
-1.478184687 8.870399948 0.06805912846 0.9976812893
-1.449223435 9.317341898 0.06183726728 0.998086245
-1.421687665 9.774818834 0.05887071912 0.9982656152
-1.394145798 10.24481706 0.05844737146 0.9982904912
-1.365844455 10.72357156 0.05987532896 0.998205863
-1.336199805 11.20587948 0.06312850738 0.9980054066
-1.304628016 11.68653798 0.06829863066 0.9976649222
-1.270545257 12.16034421 0.07560327374 0.9971379769
-1.233367698 12.62209532 0.08541465589 0.9963454906
-1.192511509 13.06658847 0.09831693652 0.9951551537
-1.147392857 13.48862079 0.1152097228 0.99334119
-1.09632843 13.88390814 0.1449091253 0.9894449684
-1.033236981 14.25184107 0.19778298 0.9802458328
-0.9509377811 14.59272885 0.2767126676 0.9609527041
-0.8422501012 14.90688073 0.3817498678 0.9242656753
-0.6999932122 15.19460595 0.5067795225 0.8620757017
-0.5169863851 15.45621378 0.6375570998 0.7704031052
-0.2860488907 15.69201347 0.7556767501 0.6549447682
0 15.90231427 0.8478106405 0.5302990833
-3.338732575 1.845468441 0.7154503082 0.6986636219
-2.933285339 2.287908759 0.6329864959 0.7741628356
-2.597074654 2.748003194 0.5453591523 0.8382024785
-2.322023175 3.222020411 0.4579978848 0.888953282
-2.100053557 3.706229076 0.37612692 0.9265681519
-1.923088455 4.196897856 0.3039084609 0.9527012372
-1.783050526 4.690295415 0.2441761122 0.969730904
-1.671862424 5.18269042 0.1986615948 0.980068146
-1.581446804 5.670351536 0.1684529287 0.985709699
-1.504840043 6.150561686 0.1467369639 0.9891755473
-1.4395334 6.624660809 0.1264005745 0.9919792814
-1.384131853 7.095003101 0.1078680523 0.9941652193
-1.337240382 7.563942759 0.09151061708 0.9958041007
-1.297463966 8.033833979 0.07762511219 0.9969826187
-1.263407584 8.507030956 0.06641959381 0.9977917807
-1.233676216 8.985887887 0.05800685878 0.9983161845
-1.206874841 9.472758968 0.05240568693 0.9986258779
-1.181733546 9.968799792 0.04915584065 0.998791121
-1.157482855 10.47037154 0.0477255388 0.9988604872
-1.133478396 10.97263679 0.04804058396 0.9988453846
-1.109075802 11.47075811 0.05012824315 0.9987427893
-1.083630702 11.95989809 0.05412169003 0.9985343473
-1.056498728 12.4352193 0.06028058262 0.9981814722
-1.027035509 12.89188433 0.06903378856 0.9976143223
-0.9945966768 13.32505574 0.08105788424 0.9967093957
-0.9574623935 13.73094718 0.1047453442 0.9944990764
-0.9096109501 14.10997659 0.1500901321 0.9886723179
-0.8439451692 14.46361296 0.2198304597 0.975538092
-0.7533678736 14.7933253 0.3143983536 0.9492911436
-0.6307818862 15.1005826 0.4293284734 0.9031484163
-0.4690900296 15.38685386 0.5535140089 0.8328398658
-0.2611951266 15.65360808 0.6715447579 0.7409639925
0 15.90231427 0.7703979162 0.6375633699
-3.220154645 1.271737292 0.7224756158 0.6913964019
-2.78977073 1.73047959 0.6427296619 0.7660930634
-2.435008707 2.203144361 0.5556368717 0.8314250819
-2.146798779 2.68723069 0.4666073622 0.8844645666
-1.91607115 3.180237663 0.3815668898 0.9243412295
-1.733756024 3.679664366 0.3057311611 0.9521178798
-1.590783604 4.183009881 0.2429093484 0.9700489928
-1.478084094 4.687773296 0.1954780923 0.9807080684
-1.386587699 5.191453695 0.1647821556 0.986329986
-1.308541291 5.692189837 0.1434180611 0.9896621948
-1.241458429 6.190679176 0.1235726138 0.9923355325
-1.184169338 6.688258841 0.1054878306 0.9944205939
-1.135504246 7.186265958 0.08936631571 0.9959988261
-1.094293379 7.686037656 0.07536616508 0.9971559262
-1.059366965 8.188911064 0.06359850951 0.9979755656
-1.029555231 8.696223308 0.05412748654 0.9985340331
-1.003688403 9.209311517 0.04697224076 0.9988961951
-0.9806801422 9.728535348 0.04186803168 0.9991231495
-0.9597778451 10.25034457 0.03845438406 0.9992603566
-0.9403123413 10.7702115 0.03664073913 0.9993285027
-0.9216144609 11.28360843 0.03641940354 0.9993365935
-0.9030150339 11.78600766 0.03786864488 0.9992827256
-0.8838448901 12.27288149 0.04116791805 0.9991522419
-0.8634348595 12.73970224 0.04662994338 0.9989122326
-0.8411157721 13.1819422 0.05476005639 0.9984995424
-0.8152154566 13.59626641 0.07323044312 0.9973150466
-0.7800497369 13.9841109 0.1112351256 0.9937941169
-0.7289314357 14.34810443 0.1711841104 0.9852390575
-0.6551733757 14.69087576 0.2535854171 0.9673129981
-0.5520883794 15.01505365 0.355191126 0.9347937013
-0.4129892696 15.32326685 0.4677170675 0.8838782409
-0.2311888689 15.61814414 0.5791643916 0.8152107749
0 15.90231427 0.6781867334 0.7348896207
-2.939382616 0.814828039 0.6950635464 0.7189483058
-2.52251044 1.292756885 0.6165902701 0.7872842173
-2.18018738 1.779881707 0.5312761326 0.8471987198
-1.903313266 2.274881114 0.444241999 0.895906829
-1.682787933 2.776433711 0.3612144952 0.932482755
-1.509511214 3.283218106 0.287344178 0.9578273975
-1.374382941 3.793912907 0.2264574627 0.974021056
-1.268302948 4.307196719 0.1809397396 0.9834941843
-1.182171068 4.821748151 0.1520566375 0.9883717818
-1.108248612 5.33656907 0.1324326882 0.9911920011
-1.044242805 5.85195439 0.1143087045 0.9934452779
-0.9892223495 6.368522285 0.09779268237 0.9952068083
-0.9422559487 6.886890929 0.08296968536 0.9965520716
-0.9024123054 7.407678496 0.06990227832 0.9975538439
-0.8687601224 7.93150316 0.05863158069 0.9982796891
-0.8403681027 8.458983096 0.04917875804 0.9987899928
-0.8163049492 8.990736478 0.04154678149 0.9991365597
-0.7956870834 9.52656231 0.03561947122 0.9993654253
-0.7778218019 10.06298292 0.03119055208 0.9995134564
-0.76206412 10.59570146 0.02816767113 0.9996032124
-0.7477690528 11.1204211 0.02652460555 0.9996481608
-0.7342916157 11.63284499 0.02630323048 0.9996540102
-0.720986824 12.12867628 0.02762448556 0.9996183711
-0.7072096928 12.60361814 0.03071186208 0.9995282795
-0.6923152374 13.05337371 0.03593506778 0.9993541269
-0.6747687509 13.47496106 0.04998624309 0.9987499064
-0.6494766377 13.87065777 0.0808890464 0.9967231121
-0.61045558 14.24405635 0.1306100224 0.9914338213
-0.5517222599 14.59874927 0.1995852027 0.9798804758
-0.4672933597 14.93832904 0.285513321 0.9583747407
-0.3511855615 15.26638813 0.3825497136 0.9239349093
-0.1974155476 15.58651904 0.482014519 0.8761632288
0 15.90231427 0.5749532791 0.8181862421
-2.48514333 0.4915472468 0.6252269052 0.7804430261
-2.122816946 0.990163709 0.5482863635 0.8362906574
-1.825891459 1.492867751 0.4675589346 0.8839619012
-1.586293391 1.999302569 0.3875245024 0.9218594036
-1.395949261 2.509111356 0.3127977942 0.9498197408
-1.246785591 3.021937308 0.2473399238 0.9689287704
-1.130728902 3.53742362 0.1940251369 0.9809965577
-1.039705714 4.055213486 0.1546214086 0.9879737952
-0.9656425485 4.574950101 0.1300341821 0.9915095115
-0.9016966296 5.096386697 0.1136164987 0.9935246807
-0.8459479976 5.619716647 0.09845513275 0.9951414909
-0.7977073962 6.145243365 0.08459055685 0.9964157956
-0.756285569 6.67327026 0.07205208168 0.997400871
-0.7209932601 7.204100744 0.06085873594 0.9981463892
-0.691141213 7.738038228 0.05102022938 0.99869762
-0.6660401716 8.275386124 0.04253794373 0.999094852
-0.6450008797 8.816447842 0.03540590665 0.9993730143
-0.6273541936 9.360785028 0.02962195158 0.9995611737
-0.6125114192 9.904992262 0.02510511651 0.9996848169
-0.5999039751 10.44492236 0.02176797139 0.9997630496
-0.5889632799 10.97642813 0.01957530967 0.9998083853
-0.5791207522 11.49536239 0.01854482478 0.99982803
-0.5698078103 11.99757796 0.01875440053 0.9998241208
-0.560455873 12.47892764 0.02035842701 0.9997927457
-0.5504963587 12.93526425 0.02361841746 0.9997210463
-0.5386170967 13.3638361 0.03402947723 0.9994208296
-0.5205315592 13.76747343 0.05814553256 0.9983081173
-0.4912096294 14.150402 0.09744451993 0.9952409585
-0.4456211902 14.51684754 0.1522542011 0.9883413673
-0.3787361246 14.87103579 0.2210518486 0.9752620572
-0.2855243157 15.2171925 0.3000266833 0.9539308095
-0.1609556465 15.55954341 0.3834262251 0.9235715078
0 15.90231427 0.464877033 0.8853752561
-1.908097293 0.2920395574 0.5112198349 0.8594499871
-1.628696372 0.8075518999 0.4407922756 0.8976091409
-1.399937447 1.32266633 0.3706567655 0.9287699189
-1.215518125 1.837716962 0.3039513696 0.9526875484
-1.069136013 2.353037914 0.2435490123 0.9698885908
-0.9544887194 2.8689633 0.1917513482 0.9814435391
-0.8652738495 3.385827237 0.1501766102 0.9886591858
-0.7951890109 3.90396384 0.1198138473 0.9927963749
-0.7379318103 4.423707226 0.1011653346 0.9948696272
-0.6881737323 4.945383025 0.08888510584 0.9960418856
-0.6444817712 5.469282931 0.07748760934 0.9969933151
-0.6063967989 5.995690153 0.06699112383 0.9977535714
-0.5734596874 6.524887898 0.05740836389 0.9983507799
-0.5452113084 7.057159376 0.04874685143 0.9988111656
-0.5211925338 7.592787796 0.04100931683 0.9991587641
-0.5009442356 8.132056365 0.03419411388 0.9994152103
-0.4840072855 8.675248294 0.02829563505 0.9995995984
-0.4699237014 9.221924797 0.02339059972 0.9997264025
-0.4582400843 9.76875912 0.01948877059 0.9998100759
-0.4485041813 10.31170252 0.01651368289 0.9998636398
-0.4402637392 10.84670624 0.01442872087 0.9998959006
-0.433066505 11.36972154 0.01323668861 0.9999123912
-0.4264602257 11.87669967 0.01298408114 0.9999157033
-0.4199926483 12.36359189 0.01377152667 0.999905168
-0.4132115197 12.82634944 0.01577371972 0.9998755871
-0.4050915316 13.26234663 0.02313906804 0.9997322559
-0.3923151548 13.67464997 0.04077043399 0.9991685402
-0.3709918048 14.06774902 0.06968514125 0.9975690358
-0.3372308971 14.44613332 0.1101285755 0.9939173491
-0.2871418473 14.81429244 0.1612182601 0.9869187771
-0.2168340708 15.17671594 0.2207391415 0.9753328824
-0.1224169832 15.53789336 0.2852909443 0.9584409617
0 15.90231427 0.3508701337 0.936424129
-1.264232638 0.204156114 0.3560021433 0.9344851384
-1.082171501 0.7271435125 0.3015681678 0.9534446183
-0.9331126562 1.246908919 0.2501551759 0.968205757
-0.8129214702 1.764154031 0.2032088273 0.9791354209
-0.7174633086 2.279580542 0.1619326503 0.9868018123
-0.6426035374 2.793890151 0.1272464614 0.9918711298
-0.5842075225 3.307784552 0.09979179029 0.995008341
-0.5381406297 3.821965441 0.07996831376 0.9967974061
-0.500268225 4.337134516 0.06798264066 0.9976865042
-0.4671019649 4.853948085 0.06018783629 0.9981870688
-0.4377386679 5.372880917 0.05288792438 0.9986004544
-0.4119214434 5.89436239 0.04609718355 0.9989369598
-0.3893934006 6.418821886 0.03982660831 0.9992066059
-0.3698976488 6.946688786 0.03408395763 0.9994189731
-0.3531772971 7.47839247 0.02887384442 0.9995830636
-0.3389754548 8.014362319 0.02419786051 0.9997071889
-0.3270352311 8.555027714 0.02005473106 0.9997988837
-0.3170909458 9.10008501 0.01655490276 0.9998629582
-0.3088417607 9.646298467 0.01375722444 0.9999053649
-0.3019780478 10.18969932 0.01160364859 0.9999326754
-0.2961901796 10.72631879 0.01006359306 0.9999493608
-0.291168528 11.25218813 0.009132928262 0.9999582939
-0.2866034655 11.76333856 0.008835992538 0.9999609619
-0.2821853642 12.25580131 0.009231376953 0.9999573899
-0.2776045963 12.72560763 0.0104232695 0.9999456763
-0.2721649185 13.17017573 0.01514077816 0.9998853718
-0.2636236258 13.59247181 0.02657385132 0.9996468529
-0.2493513975 13.99684906 0.04534396119 0.9989714336
-0.2267189129 14.38766066 0.07164550237 0.997430159
-0.1930968515 14.76925979 0.1050930304 0.9944623949
-0.1458558927 15.14599965 0.1446377715 0.9894846715
-0.08236671569 15.52223341 0.1886132651 0.9820514428
0 15.90231427 0.2349368449 0.9720106372
-0.6095374963 0.2157480602 0.1760476238 0.9843816507
-0.525265116 0.7311606017 0.1470282943 0.9891322867
-0.4562044025 1.243226998 0.1207149245 0.9926872151
-0.400437428 1.75264351 0.0974235774 0.9952430088
-0.3560462647 2.2601064 0.07740894151 0.9969994262
-0.3211129845 2.766311928 0.06086579402 0.9981459588
-0.2937196597 3.271956357 0.04793307182 0.9988505497
-0.2719483622 3.777735948 0.03869929588 0.9992509017
-0.2538811644 4.284346962 0.03320821834 0.999448455
-0.2379033724 4.792471907 0.02968195393 0.9995593937
-0.2236132301 5.302738279 0.02634092613 0.9996530176
-0.2109122153 5.815759818 0.0231947023 0.9997309667
-0.1997018059 6.332150266 0.02025122511 0.9997949229
-0.1898834798 6.852523366 0.01751676868 0.9998465696
-0.181358715 7.377492858 0.01499592633 0.9998875548
-0.1740289895 7.907672483 0.01269162834 0.999919458
-0.1677957811 8.443675985 0.01060518767 0.9999437634
-0.1625512657 8.985369065 0.008823759693 0.9999610699
-0.1581504115 9.529625278 0.007405393482 0.9999725797
-0.1544388843 10.07257014 0.006318400553 0.9999800387
-0.1512623502 10.61032916 0.005545191122 0.9999846253
-0.1484664751 11.13902786 0.005081416198 0.9999870895
-0.1458969251 11.65479175 0.004936568693 0.9999878151
-0.1433993662 12.15374635 0.005136293165 0.9999868092
-0.1408194644 12.63201718 0.00572708894 0.9999836001
-0.1378101204 13.08700646 0.008028753774 0.999967769
-0.1332531737 13.52122337 0.0135669058 0.9999079653
-0.1258376988 13.93845379 0.02263257722 0.9997438504
-0.1142527698 14.34248358 0.03536019988 0.9993746326
-0.09718746117 14.73709865 0.05167942807 0.9986637255
-0.07333084711 15.12608486 0.07128650324 0.997455881
-0.04137200195 15.51322811 0.09364720546 0.9956054444
0 15.90231427 0.1180374671 0.9930091421
0 0.3146665392 0 1
0 0.8018252225 0 1
0 1.289252043 0 1
0 1.777215137 0 1
0 2.265982644 -0 1
0 2.755822701 -0 1
0 3.247003447 -0 1
0 3.739793019 -0 1
0 4.234459554 0 1
0 4.73134452 0 1
0 5.231082692 0 1
0 5.734382178 0 1
0 6.241951082 -0 1
0 6.754497509 -0 1
0 7.272729566 -0 1
0 7.797355357 -0 1
0 8.329082989 0 1
0 8.867880358 0 1
0 9.410754529 0 1
0 9.953972361 0 1
0 10.49380071 -0 1
0 11.02650644 -0 1
0 11.54835639 -0 1
0 12.05561744 -0 1
0 12.54455643 0 1
0 13.0125219 0 1
0 13.46118907 0 1
0 13.89331485 0 1
0 14.31165613 -0 1
0 14.71896981 -0 1
0 15.1180128 -0 1
0 15.51154198 -0 1
0 15.90231427 -0 1
element
0 33 1 34 2 35 3 36 4 37 5 38 6 39 7 40 8 41 9 42 10 43 11 44 12 45 13 46 14 47 15 48 16 49 17 50 18 51 19 52 20 53 21 54 22 55 23 56 24 57 25 58 26 59 27 60 28 61 29 62 30 63 31 64 32 65 -1
33 66 34 67 35 68 36 69 37 70 38 71 39 72 40 73 41 74 42 75 43 76 44 77 45 78 46 79 47 80 48 81 49 82 50 83 51 84 52 85 53 86 54 87 55 88 56 89 57 90 58 91 59 92 60 93 61 94 62 95 63 96 64 97 65 98 -1
66 99 67 100 68 101 69 102 70 103 71 104 72 105 73 106 74 107 75 108 76 109 77 110 78 111 79 112 80 113 81 114 82 115 83 116 84 117 85 118 86 119 87 120 88 121 89 122 90 123 91 124 92 125 93 126 94 127 95 128 96 129 97 130 98 131 -1
99 132 100 133 101 134 102 135 103 136 104 137 105 138 106 139 107 140 108 141 109 142 110 143 111 144 112 145 113 146 114 147 115 148 116 149 117 150 118 151 119 152 120 153 121 154 122 155 123 156 124 157 125 158 126 159 127 160 128 161 129 162 130 163 131 164 -1
132 165 133 166 134 167 135 168 136 169 137 170 138 171 139 172 140 173 141 174 142 175 143 176 144 177 145 178 146 179 147 180 148 181 149 182 150 183 151 184 152 185 153 186 154 187 155 188 156 189 157 190 158 191 159 192 160 193 161 194 162 195 163 196 164 197 -1
165 198 166 199 167 200 168 201 169 202 170 203 171 204 172 205 173 206 174 207 175 208 176 209 177 210 178 211 179 212 180 213 181 214 182 215 183 216 184 217 185 218 186 219 187 220 188 221 189 222 190 223 191 224 192 225 193 226 194 227 195 228 196 229 197 230 -1
198 231 199 232 200 233 201 234 202 235 203 236 204 237 205 238 206 239 207 240 208 241 209 242 210 243 211 244 212 245 213 246 214 247 215 248 216 249 217 250 218 251 219 252 220 253 221 254 222 255 223 256 224 257 225 258 226 259 227 260 228 261 229 262 230 263 -1
231 264 232 265 233 266 234 267 235 268 236 269 237 270 238 271 239 272 240 273 241 274 242 275 243 276 244 277 245 278 246 279 247 280 248 281 249 282 250 283 251 284 252 285 253 286 254 287 255 288 256 289 257 290 258 291 259 292 260 293 261 294 262 295 263 296 -1
264 297 265 298 266 299 267 300 268 301 269 302 270 303 271 304 272 305 273 306 274 307 275 308 276 309 277 310 278 311 279 312 280 313 281 314 282 315 283 316 284 317 285 318 286 319 287 320 288 321 289 322 290 323 291 324 292 325 293 326 294 327 295 328 296 329 -1
297 330 298 331 299 332 300 333 301 334 302 335 303 336 304 337 305 338 306 339 307 340 308 341 309 342 310 343 311 344 312 345 313 346 314 347 315 348 316 349 317 350 318 351 319 352 320 353 321 354 322 355 323 356 324 357 325 358 326 359 327 360 328 361 329 362 -1
330 363 331 364 332 365 333 366 334 367 335 368 336 369 337 370 338 371 339 372 340 373 341 374 342 375 343 376 344 377 345 378 346 379 347 380 348 381 349 382 350 383 351 384 352 385 353 386 354 387 355 388 356 389 357 390 358 391 359 392 360 393 361 394 362 395 -1
363 396 364 397 365 398 366 399 367 400 368 401 369 402 370 403 371 404 372 405 373 406 374 407 375 408 376 409 377 410 378 411 379 412 380 413 381 414 382 415 383 416 384 417 385 418 386 419 387 420 388 421 389 422 390 423 391 424 392 425 393 426 394 427 395 428 -1
396 429 397 430 398 431 399 432 400 433 401 434 402 435 403 436 404 437 405 438 406 439 407 440 408 441 409 442 410 443 411 444 412 445 413 446 414 447 415 448 416 449 417 450 418 451 419 452 420 453 421 454 422 455 423 456 424 457 425 458 426 459 427 460 428 461 -1
429 462 430 463 431 464 432 465 433 466 434 467 435 468 436 469 437 470 438 471 439 472 440 473 441 474 442 475 443 476 444 477 445 478 446 479 447 480 448 481 449 482 450 483 451 484 452 485 453 486 454 487 455 488 456 489 457 490 458 491 459 492 460 493 461 494 -1
462 495 463 496 464 497 465 498 466 499 467 500 468 501 469 502 470 503 471 504 472 505 473 506 474 507 475 508 476 509 477 510 478 511 479 512 480 513 481 514 482 515 483 516 484 517 485 518 486 519 487 520 488 521 489 522 490 523 491 524 492 525 493 526 494 527 -1
495 528 496 529 497 530 498 531 499 532 500 533 501 534 502 535 503 536 504 537 505 538 506 539 507 540 508 541 509 542 510 543 511 544 512 545 513 546 514 547 515 548 516 549 517 550 518 551 519 552 520 553 521 554 522 555 523 556 524 557 525 558 526 559 527 560 -1
528 561 529 562 530 563 531 564 532 565 533 566 534 567 535 568 536 569 537 570 538 571 539 572 540 573 541 574 542 575 543 576 544 577 545 578 546 579 547 580 548 581 549 582 550 583 551 584 552 585 553 586 554 587 555 588 556 589 557 590 558 591 559 592 560 593 -1
561 594 562 595 563 596 564 597 565 598 566 599 567 600 568 601 569 602 570 603 571 604 572 605 573 606 574 607 575 608 576 609 577 610 578 611 579 612 580 613 581 614 582 615 583 616 584 617 585 618 586 619 587 620 588 621 589 622 590 623 591 624 592 625 593 626 -1
594 627 595 628 596 629 597 630 598 631 599 632 600 633 601 634 602 635 603 636 604 637 605 638 606 639 607 640 608 641 609 642 610 643 611 644 612 645 613 646 614 647 615 648 616 649 617 650 618 651 619 652 620 653 621 654 622 655 623 656 624 657 625 658 626 659 -1
627 660 628 661 629 662 630 663 631 664 632 665 633 666 634 667 635 668 636 669 637 670 638 671 639 672 640 673 641 674 642 675 643 676 644 677 645 678 646 679 647 680 648 681 649 682 650 683 651 684 652 685 653 686 654 687 655 688 656 689 657 690 658 691 659 692 -1
660 693 661 694 662 695 663 696 664 697 665 698 666 699 667 700 668 701 669 702 670 703 671 704 672 705 673 706 674 707 675 708 676 709 677 710 678 711 679 712 680 713 681 714 682 715 683 716 684 717 685 718 686 719 687 720 688 721 689 722 690 723 691 724 692 725 -1
693 726 694 727 695 728 696 729 697 730 698 731 699 732 700 733 701 734 702 735 703 736 704 737 705 738 706 739 707 740 708 741 709 742 710 743 711 744 712 745 713 746 714 747 715 748 716 749 717 750 718 751 719 752 720 753 721 754 722 755 723 756 724 757 725 758 -1
726 759 727 760 728 761 729 762 730 763 731 764 732 765 733 766 734 767 735 768 736 769 737 770 738 771 739 772 740 773 741 774 742 775 743 776 744 777 745 778 746 779 747 780 748 781 749 782 750 783 751 784 752 785 753 786 754 787 755 788 756 789 757 790 758 791 -1
759 792 760 793 761 794 762 795 763 796 764 797 765 798 766 799 767 800 768 801 769 802 770 803 771 804 772 805 773 806 774 807 775 808 776 809 777 810 778 811 779 812 780 813 781 814 782 815 783 816 784 817 785 818 786 819 787 820 788 821 789 822 790 823 791 824 -1
792 825 793 826 794 827 795 828 796 829 797 830 798 831 799 832 800 833 801 834 802 835 803 836 804 837 805 838 806 839 807 840 808 841 809 842 810 843 811 844 812 845 813 846 814 847 815 848 816 849 817 850 818 851 819 852 820 853 821 854 822 855 823 856 824 857 -1
825 858 826 859 827 860 828 861 829 862 830 863 831 864 832 865 833 866 834 867 835 868 836 869 837 870 838 871 839 872 840 873 841 874 842 875 843 876 844 877 845 878 846 879 847 880 848 881 849 882 850 883 851 884 852 885 853 886 854 887 855 888 856 889 857 890 -1
858 891 859 892 860 893 861 894 862 895 863 896 864 897 865 898 866 899 867 900 868 901 869 902 870 903 871 904 872 905 873 906 874 907 875 908 876 909 877 910 878 911 879 912 880 913 881 914 882 915 883 916 884 917 885 918 886 919 887 920 888 921 889 922 890 923 -1
891 924 892 925 893 926 894 927 895 928 896 929 897 930 898 931 899 932 900 933 901 934 902 935 903 936 904 937 905 938 906 939 907 940 908 941 909 942 910 943 911 944 912 945 913 946 914 947 915 948 916 949 917 950 918 951 919 952 920 953 921 954 922 955 923 956 -1
924 957 925 958 926 959 927 960 928 961 929 962 930 963 931 964 932 965 933 966 934 967 935 968 936 969 937 970 938 971 939 972 940 973 941 974 942 975 943 976 944 977 945 978 946 979 947 980 948 981 949 982 950 983 951 984 952 985 953 986 954 987 955 988 956 989 -1
957 990 958 991 959 992 960 993 961 994 962 995 963 996 964 997 965 998 966 999 967 1000 968 1001 969 1002 970 1003 971 1004 972 1005 973 1006 974 1007 975 1008 976 1009 977 1010 978 1011 979 1012 980 1013 981 1014 982 1015 983 1016 984 1017 985 1018 986 1019 987 1020 988 1021 989 1022 -1
990 1023 991 1024 992 1025 993 1026 994 1027 995 1028 996 1029 997 1030 998 1031 999 1032 1000 1033 1001 1034 1002 1035 1003 1036 1004 1037 1005 1038 1006 1039 1007 1040 1008 1041 1009 1042 1010 1043 1011 1044 1012 1045 1013 1046 1014 1047 1015 1048 1016 1049 1017 1050 1018 1051 1019 1052 1020 1053 1021 1054 1022 1055 -1
1023 1056 1024 1057 1025 1058 1026 1059 1027 1060 1028 1061 1029 1062 1030 1063 1031 1064 1032 1065 1033 1066 1034 1067 1035 1068 1036 1069 1037 1070 1038 1071 1039 1072 1040 1073 1041 1074 1042 1075 1043 1076 1044 1077 1045 1078 1046 1079 1047 1080 1048 1081 1049 1082 1050 1083 1051 1084 1052 1085 1053 1086 1054 1087 1055 1088 -1